1757.5916497009491,1844.0032415745563
1750.3432154291402,1850.606192524233
1747.0060284039305,1859.9575849232226
1743.18191928844,1868.6538450687983
1734.1629607146979,1872.47904466182
1738.8860550773888,1880.8127833010367
1744.6031622764472,1889.0050400376317
1751.1875664898084,1896.2860488994418
1760.6317734746563,1899.3520075897277
1770.504399128924,1898.322677463405
1779.0441254469913,1893.2628026194348
1785.1194578304105,1885.3962307960867
1788.157213890564,1875.9004151030026
1788.3876122990548,1865.947747532718
1786.002205442667,1856.2470724687578
1780.5260568122865,1848.0885970077513
1771.1336553795513,1844.876194073776
1761.264772534758,1843.3408315382376
#
1845.956975794841,1157.3832200553281
1837.0909925435121,1161.7542763520341
1829.5602046550364,1168.3159401408584
1823.1836481615974,1176.0028067110852
1818.5845181190605,1184.7811339932541
1820.0480287365913,1194.5186643023492
1825.2517534461022,1203.0170019664763
1834.313835465908,1206.1418059926034
1843.5444448648761,1202.4422153502703
1851.7730823329089,1196.7623883638382
1860.9664506822,1193.1310618597568
1870.3705746821163,1189.9492279325723
1877.74847188054,1183.3467943346054
1880.5858432010484,1174.0489253538626
1874.2555092338757,1166.6371905327915
1865.5264059370827,1161.7939981209265
1856.0340582206918,1158.6488075245322
1846.22017346742,1157.3399402430357
#
1710.467882432093,0.0032073729895055296
1703.339355451226,6.889970664560795
1699.1598195608854,15.959383713617921
1695.6959090248347,25.346458251670008
1692.3623795939088,34.75624200143665
1691.4564129872324,44.70283996796608
1691.617985501878,54.67514560943097
1694.4769040870667,64.24806671524048
1695.6093231129646,74.15528540277481
1700.00430359368,83.01340839412063
1703.3509464137462,92.29276681140718
1704.3640377652553,102.24180271581467
1706.2487034906746,112.04787760812044
1711.5767298502328,120.32531226289272
1720.2941406250002,125.07746874999998
1730.1361312376139,126.49919941176474
1739.9378667297365,124.65036767578124
1749.504858794719,121.76153802095352
1758.965045157727,118.5237780014444
1768.065122837659,114.38592413638716
1776.6549826477199,109.26449434561562
1785.9195045919075,105.94896252987161
1795.682423464033,107.86977319771422
1805.5624499139042,107.35326562177389
1814.9315509954693,103.90211643129585
1824.4136266347173,100.69406812733409
1834.0628142968205,98.0958999772025
1843.9858750000003,96.96262499999999
1853.9734651771787,97.31961656659838
1863.5347706476152,99.92568025267121
1871.0525523209872,106.4206806782484
1876.2910954589845,114.92741479492186
1879.4559945774079,124.38376218175885
1880.1897384449358,134.3088345619859
1877.141783875123,143.72896244863418
1871.8186259439588,152.2038906975388
1866.046100450695,160.3584699744582
1860.3100448415876,168.56202159976954
1852.081900782332,173.23308043850957
1842.0990857879017,172.98683277294597
1832.1055752414613,173.02906065419316
1822.2567470455765,174.52829181337356
1813.5021372489928,179.2876150817871
1806.5459488844424,186.43906036891042
1800.6844505154268,194.52114088173954
1793.505788459778,201.27772114562987
1784.2359742446242,204.97747816926983
1775.2935977573397,208.89195798349377
1779.5382073756086,217.5357349218353
1786.0478433337883,225.13364821752901
1795.350592543483,227.30516073130815
1805.2085554132464,225.76527996015545
1815.20108190058,225.8963521299073
1824.8580530700683,228.27922534179686
1834.2074614077294,231.79996279752993
1843.960736784498,234.00837749624898
1852.6856823741791,237.61160623234505
1848.691979693257,246.65867140466065
1843.7746565282791,255.36976908040785
1838.561894992709,263.89153797560925
1831.4516897898388,270.89825848349926
1823.868986618814,277.4119156284471
1816.2061137896599,283.82427271395727
1808.6895730417295,290.42425533194836
1800.883964884825,296.6781578336805
1792.289582889557,301.6966449966431
1782.390160879847,302.4877351783656
1772.4090965733278,302.5931402739007
1762.5325627212003,304.1471278645098
1752.7988939889035,306.4396919547929
1742.9340954890254,308.1195864787102
1732.9952792727258,309.1418365045087
1723.0046903458087,308.95422239122536
1713.0662305459975,309.9590006132126
1703.2268044758903,311.65045830761454
1693.2546715229003,312.22681183031204
1683.9066254457784,315.5760722615654
1675.8004917531014,321.42261424541476
1668.2449051430103,327.9823087792267
1661.0514934104772,334.90873282262993
1654.066743794918,342.0663970685006
1647.3991504679325,349.52786453312643
1641.2062507327273,357.3769106410519
1637.4147548565866,366.4864058685303
1636.6846447181704,376.4575084228517
1636.256283428535,386.45600124773097
1635.869875414722,396.4409071986005
1636.1694814622767,406.43227602224806
1636.5157137120368,416.42563503386
1636.2606737713816,426.41380593683584
1635.6728446278573,436.41314740133294
1634.9202368846536,446.37186251610524
1631.1391844091418,455.5052399706543
1625.054968215585,463.4396513606348
1620.1934641151431,472.17001950073256
1616.1250734733096,481.3078340403662
1611.9807656468156,490.402098708451
1607.446979525209,499.3001646616609
1600.7892103592308,506.72040040175074
1594.5214460801346,514.4795825735463
1590.0492354305827,523.4007882626524
1586.4693033014205,532.7494929787546
1583.5301339658836,542.2923106740091
1578.8250711751584,551.0754589115978
1573.448275755048,559.5138658993618
1568.6792889219523,568.3069351971822
1564.646535211471,577.4478769751611
1561.4187905821577,586.9042966490762
1558.8858848830166,596.5837725322621
1557.4056774558726,606.4556559026913
1557.8159082031252,616.4399277343751
1559.1583556261062,626.3400313663484
1560.8563146899323,636.2081953721308
1562.631852151769,646.0405294517182
1564.4606627378716,655.8682132228801
1566.6820724444008,665.6179315802931
1569.0362406263278,675.3445108093844
1570.4843793792725,685.2173049430849
1572.5666906240665,694.9870008616673
1576.1963248243565,704.2892077535616
1581.1137190022466,712.9908440990449
1587.0542683823135,721.0371547704824
1593.1548411755998,728.9594913695521
1599.5079908490104,736.6848080784606
1606.3550529149097,743.9622907481718
1613.548595351043,750.9175795290201
1620.835291141032,757.7540569951013
1628.7763973884582,763.7711075706484
1638.47285546986,765.9905799008983
1648.4349428906135,765.3995892683411
1658.0665918055615,762.7314237828546
1667.3383986793003,759.0066424572544
1676.1892650910372,754.3656576326204
1685.4184218923851,750.9113898146527
1695.0287766497547,753.3253951399814
1703.9713870598414,757.7897695707048
1712.744153859162,762.5968313193715
1719.797818008423,769.5188532485964
1722.6445925589614,779.0349692766204
1720.7933534406945,788.7104818495663
1717.5412437630896,798.055133117907
1718.0653518892527,808.0064802542554
1721.4976981751047,817.3501431102679
1727.2369231310713,825.5230895006732
1734.3438593750002,832.5297656250001
1737.4304722643644,841.8824606948494
1735.7870102341485,851.683318653998
1730.6883453143614,860.2217156183199
1723.5300442090781,867.1941431644484
1714.9965178010111,872.2758270103922
1705.1260853743238,872.8689306070953
1695.2459469580067,871.3213644915437
1685.2770241899523,870.6131294775653
1675.2948445758477,869.8939988006873
1665.3366372870569,869.0367474791886
1655.3764110537995,868.0755924367161
1645.4088020239997,867.508063811645
1635.8021864255522,870.0375145088417
1627.2016039050823,875.1290781366081
1619.0774642830718,880.9418824389727
1611.627579376221,887.6210336303712
1603.8505042958266,893.9115998290777
1596.845445491791,900.9245834932328
1595.419566612066,910.6690933336188
1594.2950867523627,920.5784292125553
1591.2971998645294,930.117474213913
1590.1993481759262,940.0397581453026
1592.1127910513676,949.708920729071
1599.0218802381748,956.8511469165201
1603.4947914405022,965.754591903426
1611.9870333370495,970.4716402520016
1621.9114159642872,970.2349584423445
1631.4494740352748,967.2113153523273
1641.2102728069203,965.1013964635433
1651.0248790942132,963.1706999239401
1660.707295080811,960.6772998031304
1670.6456601551379,960.4908721598341
1680.5860064074566,961.5379539433354
1690.5769364649907,962.1186469290193
1700.5178197316247,963.069524188105
1710.1273292294593,965.7370302831828
1718.0176790938378,971.7642660014034
1715.6943447115423,979.168193321228
1705.8646103515625,980.910859375
1695.8902995031283,981.5661589021607
1685.981363782284,982.2478625473594
1677.3264567224746,987.1106122591095
1670.8245850298117,994.6507701195505
1667.5965293097497,1004.0368013567925
1664.7307890532836,1013.3139537325427
1655.1517104582786,1014.8950510954858
1645.1685406396984,1015.5653877005428
1635.387144630186,1017.5100012510811
1626.4179028812612,1021.857532923485
1619.237712000117,1028.7630195515828
1614.030873046875,1037.2741306152343
1610.8316042924525,1046.7491765829848
1608.3954589562416,1056.4475686509015
1606.2255628713742,1066.2032496955237
1604.0346302419305,1075.949103172146
1601.2636137877907,1085.5708274528274
1597.8806529147569,1094.969904360097
1593.8560599975585,1104.1232845764162
1590.411062559582,1113.5133461863845
1588.6402326927184,1123.2977924346924
1590.4198423712623,1133.1138187005222
1590.574006053534,1143.1000064644822
1587.4297745556123,1152.4838075016596
1580.5126943310238,1159.6474799280882
1577.5809186744016,1169.082171510018
1577.6587107689304,1179.075426996067
1578.9263260627388,1188.970777441382
1576.499760634632,1198.582949231195
1572.91414463619,1207.8911776926643
1572.0417186512573,1217.834264123782
1574.0302570290564,1227.5786229257358
1577.5051817893982,1236.9418722114556
1580.185630843154,1246.5681207512212
1581.2662897623068,1256.5007570770972
1580.3085130362806,1266.4343285354967
1577.1654464111327,1275.922308349609
1573.9772336077688,1285.3996909797784
1570.8419937682745,1294.8956516885978
1567.4300632324216,1304.2892770996089
1563.5438821223345,1313.50261094046
1558.8955899162884,1322.3483941528716
1555.134954986303,1331.601428401625
1552.9601411795902,1341.3470089273474
1551.3554995513093,1351.2323058386546
1549.8919334181762,1361.1207598099406
1548.443848148421,1371.012376345891
1546.7314827870723,1380.8642294700812
1544.548882991485,1390.619101574362
1541.010868573084,1399.9599992718395
1539.0395445179563,1409.7224220809858
1539.0233251997229,1419.712582009613
1539.7863096462288,1429.6915186655954
1541.4637425113474,1439.5380354879762
1542.9139828861275,1449.440238674789
1543.5688795779947,1459.4116861422247
1543.079221980847,1469.378567751907
1541.491544349126,1479.2537283900851
1540.4483279504548,1489.2057348461306
1540.0586526676411,1499.1933641691799
1540.421814068265,1509.1761041263264
1541.7853494472724,1519.0767470511566
1543.0271237969393,1529.0008864412303
1544.0438621881099,1538.9574076646477
1544.7799763018484,1548.934034996569
1546.0220962128892,1558.826744685725
1549.2795955923602,1568.2565785405905
1554.2115075849142,1576.953171554543
1560.59096476704,1584.6399241972367
1567.3554705388678,1592.0043323361228
1574.5744759482875,1598.921476276035
1582.2036486620505,1605.3786960701286
1591.2410738353637,1609.14345230028
1600.808486024379,1606.5080110931394
1609.5034113215797,1601.639758749984
1617.7207296267743,1595.9078298231955
1625.7527935867301,1589.9683557243343
1633.5105476379385,1583.6743129158017
1641.0389694012842,1577.0808797842112
1649.3965175042292,1571.644505220964
1658.3346275142153,1567.148297604184
1667.3164120853614,1562.7495527574924
1676.2924010736708,1558.344619843042
1685.2662104711048,1553.9235492131008
1694.3320248101716,1549.71028550259
1703.9701182525075,1547.1719293011724
1713.9496721262922,1546.6491751956937
1723.8951905617519,1547.6521273331873
1733.6726348364232,1549.7276029363413
1742.5520622823228,1554.189332555115
1749.383515329186,1561.4371282713169
1753.6460294578287,1570.4328862693988
1755.3416442029018,1580.2654370324162
1754.3231557864842,1590.1816197309497
1750.5613103622115,1599.4161161755244
1744.280017051733,1607.1341648421658
1736.5866838516436,1613.5132659153935
1727.9917455864315,1618.623340084396
1719.1864098508647,1623.35098253566
1710.3169056019663,1627.9703241055677
1701.0808608043696,1631.7990330971886
1691.4727302268138,1634.5439092104432
1685.6694789690655,1642.3176523616787
1682.3117290843493,1651.732490636654
1678.2819153564042,1660.8813648156747
1673.288708280843,1669.5374304740333
1667.1212837430148,1677.4025949072852
1659.5260525646142,1683.879045273838
1650.7634807986014,1688.6575900465245
1641.1116596726636,1691.105938261905
1631.123237660869,1690.8604059429613
1621.648131403803,1693.6479394266603
1613.0526867454194,1698.6521288177664
1603.2088175566676,1700.1489420510488
1594.2504915800089,1704.333513222217
1587.9483920707696,1712.0152068328855
1585.527638274573,1721.6276782220634
1585.5434248798038,1731.6250764210592
1587.1366719894404,1741.4773711967464
1591.262119037217,1750.5432769002546
1592.284855702385,1759.8906888177614
1586.8231807156496,1768.2518513742084
1580.9685355224603,1776.3178068847649
1580.623766603108,1786.1781234608015
1583.2211177381866,1795.8263600848907
1586.4014369401386,1805.2778159332054
1587.783321166947,1815.1658618768965
1590.7995737303936,1824.6928050816275
1594.154410017132,1834.1065531488052
1596.9925036555076,1843.6948463837869
1599.171246855139,1853.457808015763
1600.995985300786,1863.2832069468113
1601.7821419810944,1873.2216255729636
1601.1691144967222,1883.203206423289
1601.8950532146835,1893.1755934857492
1603.2322419052116,1903.0804973106372
1604.4116109586146,1912.9977009411302
1604.4633984651557,1922.9951043505657
1602.0404746365614,1932.667424200653
1600.4512558949882,1942.5393652616353
1603.2932316533356,1951.9640522402474
1611.8840357348315,1956.046429638146
1621.8481473803513,1955.2602648148522
1631.4005767755502,1957.7982819328295
1638.1524450642908,1964.9744615405189
1640.7608322037304,1974.5617681534347
1639.6301371501454,1984.4595307325685
1636.0053466708132,1993.7464581961765
#
