1609.6729851304312,0.005473981512594038
1608.897624954164,9.96778971105814
1606.5879675652982,19.66766204202175
1603.0991529369355,29.03917113494873
1600.7861385345461,38.76207904052735
1599.805187275648,48.71674206066131
1600.3775301480891,58.67756206411123
1599.902727111496,68.61106288273632
1597.2200406646728,78.20362409591674
1598.5753402545265,88.07845184546055
1601.0410862092226,97.75714921219647
1603.7147876586914,107.39842718505858
1607.6280655798391,116.58752305621654
1612.2332243551386,125.447437276043
1609.07534597178,134.43655536051932
1600.586433750906,139.52639297025837
1591.6413289693369,143.28351768045127
1588.7152060604915,152.73150899183284
1588.418509033203,162.6648741760254
1593.108427294925,171.37280665948987
1596.6704444212914,180.61237569236755
1591.7570228977202,188.90193883234258
1585.9852419828017,197.02759112777375
1582.5541122649731,206.3791958522815
1582.484928412279,216.25692340153174
1584.9332927253936,225.9140019816039
1584.404264680758,235.86012982478732
1581.886889088213,245.5328201379296
1577.2526910024808,254.36000745273378
1572.2657028362817,263.01152288753536
1568.3355423694031,272.2001071059108
1565.2206652379036,281.70402502870553
1562.8733434248966,291.41813824197925
1560.6079358793452,301.1458129552305
1557.9678041390705,310.78917522956425
1555.2444851673245,320.40724853074545
1553.2741898765564,330.21306243515005
1551.9927324915639,340.1321943826783
1551.655830544606,350.126262923114
1551.1550890962762,360.09392675870834
1549.3793921271417,369.9382596169859
1546.1351233070043,379.3758470556401
1541.1738496713642,388.03820765638346
1537.0522720288564,397.1278348546102
1534.884425868571,406.8841929787993
1533.7369650209607,416.805106689181
1533.5922160071025,426.80055643446644
1532.8318756346443,436.7396556965736
1529.8585699158907,446.2993046583533
1528.1246288785117,456.1176648353636
1528.9620559848993,466.05032611991464
1531.8635938495026,475.56042195045944
1531.3669567101795,485.4948224006742
1527.044088895604,494.4158650727123
1524.1915606374741,503.90217382335663
1524.6866725863888,513.8831828629563
1525.850179141105,523.8110689823371
1527.4461669368843,533.6796122295664
1528.3699666730463,543.6264379943236
1527.6183043188005,553.5918119550944
1527.5035934711395,563.5637928084209
1529.4343797534407,573.3797589711621
1530.6693599525095,583.2841893689035
1534.4678377070427,592.0248316650392
1543.2801688020827,590.1741924788356
1549.698756370932,582.6859320962282
1558.7987323417663,578.8689428542257
1563.97901171875,570.5526936035155
1565.0489425849914,561.4144312729835
1571.536108909607,554.8668640642167
1577.2109353089559,547.1776207799466
1585.1292121720564,541.4083166441006
1589.2693573036192,532.3095710220338
1592.7515769925376,522.9430073061468
1596.3416087239236,513.6174130960629
1600.257105582237,504.41335901021966
1602.8232303217405,494.7687801672175
1605.0408618939127,485.0238109620987
1610.03275039798,476.43820839186765
1617.4088465805055,469.78747215271005
1621.5714623596218,460.76747743800297
1624.700939885536,451.32191024962447
1631.5260232094597,444.10396555400655
1640.9041386883405,442.13912165856374
1649.8801818332072,446.17754260247955
1656.6628947191234,441.2742891739607
1657.556620739698,431.36811554116014
1657.8682428193088,421.4133368759156
1662.4788958517906,412.725128053248
1670.867727023372,407.5089964865419
1680.708909217824,405.8796524688165
1690.6859488110613,406.36990732178845
1700.3518493233987,408.8684794018231
1709.8012415865571,412.1454918493853
1718.673842579901,416.62833524179473
1724.291050093174,424.7977020664217
1726.0765999640817,434.56577035689367
1723.790056842416,444.20741827350867
1717.9662812857325,452.31012561303385
1711.2915716793445,459.75515911494205
1704.624077995127,467.2087217738182
1698.0147299363907,474.7221573597194
1691.5675766393538,482.36746429443366
1685.487020401888,490.28537822437295
1680.174529172804,498.75587143708776
1676.4257840229866,507.99408787781016
1672.94937980529,517.3673792356728
1667.504741602495,525.7148816546948
1660.425118853673,532.7689697248787
1652.4965818412606,538.8483999616803
1644.318617484847,544.6197358223905
1636.2688885660011,550.5339903593176
1629.5792501244189,557.8964142705566
1625.124864542403,566.8406441716163
1622.0179645964718,576.3100751570261
1622.4775732313542,586.2084059840221
1621.8076817075832,595.4199542452922
1612.5694235855935,598.3830664919021
1607.5987833182141,606.5776714773937
1604.7132789332559,616.1442889467044
1600.3425156249998,625.1178906250003
1595.162289161682,633.6773170814516
1589.1835589718166,641.689100673766
1583.0766996191878,649.6044702567619
1577.4686215876568,657.879489737283
1572.5063271211961,666.5553391626684
1568.418097744362,675.6885615801172
1565.7209703140256,685.3067420921327
1563.3525984809248,695.0194417289274
1560.7183891244977,704.6575435516017
1557.8345373957093,714.2311031847504
1554.516965012133,723.6754099836352
1552.3502865629948,733.4137165306109
1551.495173864818,743.3780194493052
1551.7298464829782,753.3683301876198
1550.9522993102362,763.3179527268535
1548.2205525673626,772.9221212937239
1543.5855891426354,781.7657840660888
1540.1989323349,791.1486666221622
1538.9990670467243,801.0468824230509
1538.588336902627,811.0357811870382
1537.6425918996931,821.0007838934067
1536.1276644958034,830.8856497090834
1535.1557426664901,840.8190000476542
1535.402994688995,850.8165583944025
1535.775604122755,860.8140117582196
1535.4880038140236,870.8058121698277
1534.5502180176666,880.7484634776638
1532.0577353070976,890.4280359027388
1528.6342625991851,899.8114990896286
1527.2357558176518,909.6935600416662
1528.2104966710544,919.6158262922803
1532.8131223404778,928.3792890773268
1538.5945801902192,936.5434565268012
1543.4518351288514,945.2802552296521
1544.8531508133235,954.9033959389146
1539.5012109399543,963.2824280433546
1536.9606174740272,972.7863782611269
1536.2819774919153,982.6014122269752
1529.6245738130658,989.764287636012
1530.5156161996129,999.6075570681098
1531.4101958009312,1009.5348509274588
1530.1408533144754,1019.4424993677635
1529.3434024581911,1029.4208075218203
1529.043288337054,1039.405842090198
1529.1890698621871,1049.3965177269056
1529.7301830508784,1059.3844365628856
1530.5807774009922,1069.3565945161547
1531.6114213729768,1079.2987968761104
1532.8333542075159,1089.2276137590409
1534.1130750427246,1099.1358899536133
1533.2669070374757,1109.0845897125387
1531.061853718229,1118.8302913913203
1530.4622339323007,1128.7968586367574
1530.9875628611533,1138.78839230969
1531.6593781382312,1148.7652892055705
1532.4974445367457,1158.7357537441849
1533.7439821605087,1168.6434003465174
1535.821887549736,1178.4077132388652
1539.9134874340393,1187.5227656260467
1546.0326098270261,1195.3901730663695
1553.17446535661,1202.2888487374476
1554.6262381159665,1212.0377370485664
1552.3241167917254,1221.7397872799634
1551.440442127228,1231.4869312438964
1557.0017983760388,1239.529681901373
1566.4056697912217,1241.7418266587258
1575.0738086846472,1237.3034200695754
1581.7883441831843,1244.3507725202887
1586.0053949300545,1253.4246917541457
1589.467144361861,1262.7863267504424
1592.5729014200667,1272.3025183113832
1595.4552777628649,1281.8719245558173
1598.2098183802068,1291.492039849248
1600.9052303017936,1301.109688431678
1603.4867855795585,1310.7893521923027
1605.837243456755,1320.4980362423944
1607.8847929681203,1330.2826397389185
1609.609052135114,1340.1396630621457
1611.1107963733045,1350.0294837605209
1612.4165447611808,1359.9284914484024
1613.340700968438,1369.9036843956094
1613.7899565777777,1379.8795829610826
1613.814448518208,1389.882376358565
1613.8065916499343,1399.88167130851
1614.131539240786,1409.8729853149691
1614.759046295261,1419.8593709509803
1615.4820131239067,1429.8339338319345
1616.2233325700581,1439.8130759859876
1616.8813029656408,1449.7862315125465
1616.431511877611,1459.765819820106
1615.1297932285645,1469.667942221649
1614.1001036015587,1479.619996830295
1613.2922293480037,1489.588248018324
1613.7766512074838,1499.5557098422923
1616.6066759326081,1509.1331467030195
1618.4004780466914,1518.9424428054701
1618.2596523473858,1528.9253370007275
1618.3423849148385,1538.9065733626474
1619.9633602697772,1548.7680129548862
1619.4245241154952,1558.69630118151
1616.179286735534,1568.1436035308839
1615.5218849605783,1578.062189314153
1615.486457195282,1588.0714930343627
1613.7332310270663,1597.8942192815541
1612.0716956835386,1607.7300719262958
1611.6843718361852,1617.7383031077381
1611.6398078885077,1627.7301387610432
1611.6283980218766,1637.7380533605133
1611.7272043151852,1647.7225109534263
1612.577252204023,1657.6841512166409
1614.3014399049873,1667.5282948664424
1617.4584701304088,1677.0024608095287
1621.9643438775163,1685.920771574497
1624.4620193328856,1695.5290838584901
1628.0387859715818,1704.0153890808817
1637.9346835021972,1703.0149899749754
1647.1142625455852,1699.424605977535
1653.5013126269278,1691.7408404971359
1659.1234970460382,1683.7295085497647
1659.5699441200939,1673.7326520585564
1660.4361611633294,1663.795323272705
1666.029336438894,1655.6458615592715
1671.027302143573,1647.1132733702657
1673.6484585762018,1637.4691053123472
1678.038687482416,1628.4962990454435
1683.7165853035303,1620.3101862269768
1686.8443621073134,1610.8552173045348
1688.816105262495,1601.0470379607748
1691.0890625470815,1591.311236968885
1693.737925287654,1581.6686574903995
1697.6767201902187,1572.4950953438502
1703.2699184959645,1564.2143139304076
1710.8087170740212,1557.7295104561517
1719.950892142042,1553.6821810216975
1727.6452660179057,1547.4153360950124
1733.0871109355655,1539.053577045022
1736.305040878585,1529.6104257543052
1736.8849381098762,1519.657235475098
1737.537401023639,1509.88144169856
1746.5950656629266,1506.6594953872816
1754.3881026569898,1501.0170266704513
1757.1073007812495,1491.4143271484368
1760.4741697468203,1482.0282526277035
1765.6660233870068,1473.4906257868697
#
1799.2768337422212,1411.7768685133008
1806.0314695485836,1404.4458633045963
1814.1868098218665,1398.6860376515688
1823.2794763183595,1394.5242290039064
1833.0886296676172,1392.8185995914787
1842.8566044921877,1394.6107678222656
1851.5307191452966,1399.4802400492638
1855.7428736090064,1408.1515386651754
1853.5025013559537,1417.8956129980834
1850.5563497164092,1427.4402164173684
1846.5028468920543,1436.5735211237845
1841.3350384545017,1445.1125226487732
1834.3848187761307,1452.2745146079064
1826.2535231657625,1458.0874033067228
1817.7389744716288,1463.339981734991
1811.8370799439922,1471.2215329955636
1808.8407634552298,1480.762942078935
1804.096682032531,1489.5176274300813
1797.4896334440177,1497.0098708231233
1790.4034109886418,1504.0590736445115
1783.1606716486224,1510.968580035169
1775.7505095719548,1517.6776811797322
1770.8040660552456,1526.1601647390146
1769.6069068183897,1536.0753348970413
1764.3522695662482,1544.4631979471808
1756.2055882032364,1550.133592769556
1748.7649791631698,1555.8346855151058
1749.5648561021853,1565.7715440661
1748.0529290325715,1575.5524887101055
1741.5234053901854,1583.010049079649
1735.4440419367977,1590.8364520987468
1732.5288188387985,1600.3857058556955
1728.6970338191313,1609.4362808113249
1720.4858510388367,1614.9754165730303
1717.7171545410156,1624.4371633300784
1714.5996954096556,1633.8995098334553
1711.1978568106813,1643.2368343140483
1709.0989576111658,1652.8812653087975
1701.2744401123596,1658.9752917113453
1695.523862148285,1667.1163024215703
1688.255993629992,1673.9031119244696
#
1670.5398839400123,1702.8336254449625
1660.9420758129136,1700.5296530486196
1656.1226039512158,1708.0927545268537
1654.1864004516606,1717.8520319824222
1649.6028715656253,1726.721250044167
1643.4698961062954,1734.6068576414286
1637.079037790537,1742.2423507432343
1634.7633717279768,1751.8885569447716
1632.0581573133468,1761.462960937023
1626.3475156239124,1769.6564528396948
1622.032611105133,1778.6649932616444
1619.5938574950994,1788.341426722303
1615.4287375813724,1797.3828693509622
1609.303793678284,1805.2754284968375
1603.9069150165917,1813.6877847720382
1599.03006657362,1822.4165053812908
1593.0537818603516,1830.4199480757713
1586.2312694416644,1837.723299277242
1579.1635451197608,1844.8100815959403
1571.843425776753,1851.6146436181862
1564.2312281217578,1858.1055371470452
1556.3481071853641,1864.239931171417
1549.074370531418,1871.11130541452
1542.5696478301068,1878.6887246585711
1536.9323502760203,1886.9534265235145
1532.3026505866058,1895.8034828419682
1531.5196555799512,1905.6675337646695
1534.9262421468798,1915.0011186631768
1541.823202128328,1922.1451327985596
1546.553532298372,1930.8293800374715
1550.9124021124992,1939.7403625942989
1558.5605558093139,1946.1339517497372
1566.9567225434423,1951.548031577739
1576.0784075913434,1955.5587662272453
1585.9721784973146,1955.9057232666016
1594.8260456749874,1951.2397949158253
1603.5540857873561,1946.393127349377
1612.348460839987,1941.6055934735036
1621.3378285312654,1937.2694774741976
1628.6827789136023,1930.5410413899795
1632.2222870575786,1921.3422434737681
1634.455583539471,1911.9690601234213
1641.6343071207104,1905.0735887499231
#
1674.0426284538637,1889.5992941170593
1683.536262968898,1891.716008607626
1686.046075832382,1901.0563563141336
1685.483860967919,1911.0393215658364
1684.0770711003543,1920.92531174016
1680.7560233348606,1930.3607102214692
1675.786231351001,1939.008400362945
1669.3459428728297,1946.637511825077
1661.2981984094317,1952.497756993218
1651.7618326596098,1955.369900245391
#
1757.3802119778036,993.3148787257148
1753.6993863911032,1002.5931883069873
1748.4257536177709,1011.0657149946838
1741.5075701719213,1018.2786996557992
1733.9180654009874,1024.7885163945884
1726.2083146754858,1031.1577435997017
1718.4190696002245,1037.434959638357
1711.8592047441452,1044.9560456942618
1704.893760253906,1051.965
1695.493048453925,1055.3250630680473
1687.0708633522252,1060.6483021696058
1683.163388191275,1069.3966133446543
1687.9839947981832,1077.923567448139
1696.965417526585,1081.8826883036857
1705.9225306557419,1078.0707314832805
1714.2112008668037,1072.4814575251603
1722.8516296373607,1067.4689798733293
1730.0394605172874,1060.57317130512
1737.5019781901242,1054.073061995387
1746.9568603644827,1050.8917572738324
1756.7694534258992,1049.036316044092
1766.712088640824,1048.0124422209262
1774.9735872960018,1042.6755714073702
1781.1006370610623,1034.786259503464
1786.821046195079,1026.5774505363179
1791.9785825139804,1018.0007242192551
1796.7778265690622,1009.2325313032353
1801.172630555935,1000.2639070900007
1800.4061198530865,990.5929646428002
1798.219890105501,981.2002169081791
#
1735.5553136969136,228.7996226532981
1725.7979390259936,230.49872286512982
1720.8247367959843,238.2931216671169
1722.339004360676,248.17758437538149
1722.1977873156668,258.14912022061645
1722.234770087816,268.11894507960227
1724.2168515808808,277.88250335701554
1730.8539734153749,285.1109273548126
1740.4290585485105,287.71646461260315
1750.3917658271791,287.24281574249267
1760.3661579647066,287.85250852292774
1769.4759058566713,291.65411157432845
1775.4503058969829,299.6098655484393
1784.1132071266175,297.69473062896725
1786.4081408572795,288.2872509031296
#
1797.086667346954,1.8919854164123535
1787.6861313478173,5.242742337853648
1780.0427026465582,11.607373606006615
1772.5533067245483,18.231832942962647
1764.7436576420664,24.454755345880987
1757.2131828830836,30.935243865251536
1753.614766157873,40.17961913064122
1755.2199011534638,49.89312869284022
1760.024629769884,58.6590599373877
1765.5533262801168,66.98211676979065
1769.5259423807784,76.12615567358583
1772.7283653132915,85.58086177754402
1777.3535839252472,94.40987571525574
1786.5114682067629,96.3857699803114
1794.7348253479001,90.8715946006775
1800.1481247774957,82.4991150143221
1804.9107445321379,73.7071931585446
1813.737034483127,71.97744919587765
1823.4834067497252,74.20866997957229
1832.9143939108549,72.67460104033353
1838.7553865379653,64.66133706122265
1842.6308360858798,55.43324540886749
1844.9801262602932,45.74216414825526
1845.497026406543,35.772700206730526
1844.415646159723,25.831504723221073
1840.936519667656,16.507363678599248
1834.8539061066504,8.621777227036663
#
#
1840.3004874851815,1773.530107969597
1850.133587556392,1774.3329703511
1857.8433818969092,1768.4314602407237
1864.6883612552285,1761.1970910950301
1873.1871378806159,1755.928143936865
1881.9824889931083,1751.1754695664047
1891.130739365369,1747.1558501054421
1900.5866210460663,1743.9250711722375
1908.3656628147587,1737.799045850195
#
