981.0860340229899,0.006386729898164049
974.4986654754663,7.514934971975163
967.0443287555491,14.180000377072021
958.8178817596212,19.841104032360015
949.9608502235487,24.467418306402863
941.4944938162936,29.78861438406259
933.846199149092,36.21524346619646
926.4205683986852,42.927089056295344
919.0527166501215,49.66708606831439
911.7006549620656,56.44543192283902
904.366898524262,63.248017099015414
896.2828639121138,69.12632819570041
887.4976320323348,73.89077447545529
878.8075928890194,78.81163741303422
871.3850734614124,85.48588482091577
865.0977218060215,93.2567297744034
859.0448269201396,101.21785317964108
853.0580340664044,109.22300035232318
847.3854422465115,117.45444506878408
842.5568013880381,126.20090339261574
838.5648555590044,135.36764041909296
837.445634113023,145.15787413961348
843.0891707329376,153.17891206930764
852.1700058627127,157.1321205135584
862.0260936278039,156.28846415245908
870.9313259277343,151.7880380859375
880.3199819784288,148.86073401801428
887.8494925709813,154.71334096936883
893.4437340682744,162.7938364390135
902.9462514364196,161.84184920898824
911.4186302891479,156.52879446746311
919.3146816612732,150.39973059423176
926.9070511165811,143.89742036965885
934.2182530929072,137.07351457108555
941.437283448189,130.1513720442404
948.6800345334838,123.26516676362301
955.9794089176684,116.41799212100446
963.430817175061,109.76053050681647
971.7064565667824,104.20898245871254
981.4470711946801,102.17971063456777
991.3660105126368,101.32044421593937
997.5576094935433,94.01463714099863
998.9658757132262,84.12086071028747
1003.5324116106535,75.31472664142774
1011.7295661887076,69.6942229667008
1020.4863702554787,64.87624049466709
1028.5318869340772,58.96653562233103
1035.7577981938716,52.06888931107522
1042.5142869392034,44.76547985816003
1051.219965866113,39.87020762436279
1060.7081269806229,36.712076228616766
1069.538263587832,32.20965271794797
1075.2193589452052,24.09195662329347
1081.4587705835688,17.07882765508258
1090.9603975476236,19.78004819630646
1100.668989946155,21.965883860139304
1110.5169588655376,20.699765661321592
1119.8744756068031,21.427844830148864
1123.3252478812333,30.629584603846084
1125.7226297108525,40.32499891322852
1129.7313822576753,49.48063363057096
1135.3709195629503,57.728636013321584
1140.0022184219747,66.32544193857444
1134.8029748840327,74.34468553543093
1126.934984893627,80.46729585813453
1120.7470617611766,88.3031421682567
1117.2201322299834,97.60038993632794
1113.2796776436555,106.71102686246044
1106.2064105478073,113.71004532734305
1097.7890735309293,119.09511349151597
1091.026555881023,126.42446528893713
1086.915166675567,135.49932449293138
1081.611859169175,143.9426478471897
1074.0131694116812,150.37328129264142
1065.3925406825795,155.44708020673332
1057.202073071857,161.1709639545969
1049.6893645548396,167.76435722646525
1043.3202829398508,175.44936905127764
1036.4098774813901,182.57257596995586
1027.8193695275015,187.67119832133514
1018.6556503255586,191.67673945584147
1010.2246930867996,196.99532880468385
1004.0077341532701,204.75485466289518
999.1480630422697,213.3766061384771
990.9012447221323,218.88822633286378
981.2288234343322,221.36135395882465
971.5596412183183,223.84773510169796
963.2030286491931,229.21076758350966
958.4325854146529,237.8322623847183
953.2568825691586,246.3405366356857
945.7938509952755,252.92906147114513
936.7540189097516,257.17023741602895
927.5620680528052,261.0913457303941
919.0036237013603,266.2290029360423
911.2900324446365,272.5901333991577
904.8439561172977,280.20998614362907
897.9818535182468,287.47210631936787
890.1708540834123,293.7128004630208
881.6339255332025,298.9045408310294
873.0287303324062,303.9760669216141
864.886045550805,309.78346414699814
857.2195190210427,316.2109303107906
850.0909230734103,323.1993780503944
841.7877776695483,328.6764287773445
832.1728362176361,331.31473378294186
822.1835061874979,331.30914885735507
812.4552331229366,333.17537598368517
804.1673547401422,338.69521868133546
797.7000563756105,346.30136679959924
792.2937856213518,354.7034447727054
787.3766741776534,363.42054874783
783.3661133036085,372.57003682743755
778.573969241876,381.3487387484407
773.2359997231432,389.79829327201094
769.8552012395181,398.86585011709474
777.1760381497456,405.15810276545193
786.8996181078173,407.3664308997317
796.8782021409414,407.45037260909737
806.4627534454606,404.64240942305685
815.9417668782968,401.4785220151389
825.5515427494148,398.70126471097865
835.258912214066,396.3563027073535
844.9552124655537,393.8676255010812
854.5581981396266,391.09274826256967
864.1056113833554,388.11668008104414
873.2855998754213,384.1654828205895
882.0362716674797,379.3355959587095
891.1473732191316,375.2787619753553
901.0429430450121,374.8014267883448
910.88060626769,376.25422459139656
920.6261954896444,374.2563876030667
929.6164097962377,369.8946488278898
937.8286123046868,364.18477029418926
945.5300535515837,357.8250632615842
953.0236141262936,351.2024535743191
960.3878879549459,344.4219815779094
968.7862836151116,339.1226912956236
978.4384282408574,336.5390659829824
986.8404831542963,331.3845555419921
991.650964447535,322.6569221701658
997.4445955041803,314.52306905103455
1004.5835173376106,307.5477388985528
1013.0053986978337,302.1729813037141
1022.5573415634776,299.49400131025897
1032.301096803918,297.8908230475484
1039.7827800653272,291.4191908855065
1044.7124549562036,282.7326689150801
1050.97676282072,274.99770595264425
1059.7300771423943,270.3493745074122
1069.2350648357658,267.27107823606264
1078.6106019561012,263.8013207911785
1087.8595581999994,259.9924234940092
1096.9038939166528,255.74218747209002
1105.9897426787961,251.59321983440208
1115.617478670543,248.87992993899516
1125.5356160233832,247.63440182200807
1135.4740517554276,246.54968294000614
1145.3255589983457,244.8759885004683
1155.1335575114185,242.88280797493167
1164.8177434790985,240.41931363503357
1174.3464930573368,237.3960030916751
1183.595585882484,233.62114366084325
1192.6278552851436,229.3229914025846
1201.6357467312382,224.95799710793816
1210.6353837606136,220.60301618282327
1219.6371484689498,216.26457016398058
1228.6535980938136,211.9420434189611
1237.6363462052338,207.52806269592037
1246.1188035608839,202.24837590402538
1254.3126146956286,196.50428005664597
1261.9645589170807,190.08598668000724
1268.9285424178756,182.9136894571867
1275.1246686420902,175.0664158615236
1280.7019084161159,166.78639173366398
1285.1498238785819,157.8316338461433
1288.0094021775774,148.26158871644444
1288.9000662755466,138.32902470721945
1288.7680479874607,128.33680449724184
1289.5872202035184,118.36139411193119
1291.4351554243112,108.54064252687232
1293.5978459419528,98.79119370789755
1294.9402665768262,88.88866047257171
1295.3580938057048,78.89688793180031
1295.4106073985693,68.8904742929338
1296.0409888651286,58.92330986861045
1297.1645206074961,48.975907525935085
1298.630249721874,39.08630744963162
1299.8052365417477,29.15438369750964
1300.8039521620494,19.20381519497173
1301.6562010543403,9.252984595100152
1302.1600447180863,0.7214367548226043
#
1153.8854899814128,407.7026214738488
1145.5484662017825,413.1254018058777
1137.0520398099707,418.3934884343332
1128.251999889298,423.1469181388617
1119.299918128498,427.5799840025306
1110.8526969550896,432.94780901143326
1103.2429632578055,439.3930333721228
1097.3732776482107,447.4417178726793
1093.1268854209484,456.50564012343443
1089.0780601710678,465.650948735118
1088.312138146512,472.20931836733973
1094.8875909325025,464.67972230533985
1101.4520321054665,457.1321057203286
1108.2374596749435,449.79471842635616
1115.287251173582,442.7098332195562
1122.4978030487762,435.76383044987466
1129.8237648518914,428.9735216535491
1137.298329701622,422.3210758517285
1144.8822737087012,415.80576833403114
1152.4843327953647,409.3121468837578
#
1845.9646733823968,1996.067495385162
1848.0731667149917,1986.3121448719203
1852.7215851368906,1977.5119728546142
1860.712384530544,1971.7179647393227
1870.5188262759223,1969.9142273001298
1879.39236621695,1965.565590726085
1886.217667067649,1958.2655716276222
1892.4328235179023,1950.4112718313277
1898.3824850111614,1942.3892551283398
1904.1872885538935,1934.23761195153
1909.283543422468,1925.65607755173
1911.534218597412,1915.995289154053
1910.5229945990075,1906.0689575240237
1916.2865109068698,1903.4010606034985
1924.8238895405736,1908.5551864779527
1934.6565518178716,1909.4057470530568
1943.8583477725974,1905.6607954385245
1950.2499594819128,1898.1786664443725
1948.757672362664,1888.6670803037305
1946.5997017629595,1879.459953745015
1955.297982949257,1874.9950162215234
1962.2547677580121,1868.2452912613153
1962.7757978108002,1858.4008672759533
1957.8390512387427,1849.8579845549762
1954.8352698866724,1841.167772478938
1963.0244862809254,1835.5762526498584
1970.745982023894,1829.3104040255553
1975.8260864767599,1820.7532761065522
1978.3189434821575,1811.0920977903731
1979.2415534505694,1801.1281298295783
1979.5091337353324,1791.1283383773698
1978.8440975095432,1781.1620451124163
1978.1925734059964,1771.2112980019006
1979.7925252392001,1761.3481710373742
1981.8686211441827,1751.5832709610318
1979.1324704576132,1742.159038993061
1972.202912811279,1734.9759759826661
1967.3706269102092,1726.270997031689
1965.6430225025413,1716.4422405052783
1963.307171373647,1706.7248587723961
1959.8099823955927,1697.363718318758
1955.8369173712852,1688.1918932916485
1953.1418836940393,1678.573829252018
1951.8438449110831,1668.6743074507865
1954.1295382456105,1659.0352489154564
1956.3867935163973,1649.710774034977
1950.1303685282762,1642.0818693862557
1944.5909798281903,1633.930112091248
1945.9732188682415,1624.2494507005786
1950.1951285882515,1615.1893822223767
1952.3010024879495,1605.4747815779895
1951.9238122617217,1595.4890532276238
1950.4527734050153,1585.5991018089055
1948.4543959562272,1575.7991575178407
1946.0721370262645,1566.088253676135
1943.1834953006266,1556.5100839255158
1939.637745747279,1547.1608157652424
1935.5581840061132,1538.0476909509737
1931.741090074349,1528.7943533062532
1928.888866554975,1519.2164253403694
1926.8781325778348,1509.424121817281
1925.3374270640395,1499.5386309394519
1923.6476458250047,1489.68619671377
1920.7063428801425,1480.1508098524407
1914.5487075063434,1472.420422475107
1905.52998456192,1468.16774407959
1897.508842803955,1462.2463500671386
1891.4543266173437,1454.3120835244058
1885.3798543148994,1446.3727755475566
1878.5785443291663,1439.0353197469713
1873.6564672273678,1430.4331337829465
1872.5761367187501,1420.5215878906251
1870.529025641754,1410.8018328387961
1865.838348006071,1401.9852264617664
1859.4582196707438,1394.303140327017
1852.0468748916983,1387.6080038954021
1844.0077725823046,1381.675040701353
1836.0763568478178,1375.6645674434444
1833.5369523663835,1366.168862413336
1834.2777953346517,1356.2406186752619
1826.0925026397704,1352.8800172042847
1816.1365777191302,1352.5319244533218
1807.132570193231,1348.3590012223722
1797.9056943495868,1344.6190193977209
1787.9504998024431,1344.2255980514049
1778.1706896677229,1346.2324923559404
1768.917509302944,1349.9821298415202
1760.415841647186,1355.2355505102155
1752.9214097905808,1361.8328131025185
1745.1654381519552,1368.1517128044966
1736.9115355529782,1373.774492279053
1730.0010928525771,1372.4967092626323
1732.720032941507,1362.8866734387138
1734.591786435867,1353.1046835952516
1730.8514998533649,1344.2291988634395
1721.4239516408368,1341.5704107629883
1712.8857960262303,1346.3879275668314
1705.5935653618674,1353.2454419020332
1698.1145312314452,1359.8754866588426
1690.3155439453121,1366.129348388672
1682.472522532456,1372.3254116301478
1675.0802201569131,1379.0587432031764
1669.7172059959598,1375.6512392128084
1669.4910107874698,1365.654187981275
1666.5771621793263,1356.1559460267288
1659.9214952120321,1348.798000385798
1651.012988359092,1344.345514566772
1641.1578704829212,1343.0222457237246
1631.3999600641444,1345.060573351725
1622.8150883627081,1350.0821880609917
1616.8260326491193,1357.9794866527932
1615.2666582681052,1367.7810768628785
1616.7600863909684,1377.651100055683
1619.850600585699,1387.1406665772947
1619.3200982408594,1396.110731457696
1610.0435071648953,1395.321858921588
1610.3528311702764,1385.6447679422718
1611.1458598978204,1375.70016530971
1608.2542338522371,1366.1960311923106
1604.5920428512354,1356.9258539781322
1604.61363166666,1347.0099352045063
1607.9186162385924,1337.5849163237854
1612.413107761919,1328.6640029550795
1617.2152764825928,1319.8832779281558
1622.3803346032591,1311.3307777130951
1627.7578237304683,1302.9089372558597
1633.026116074634,1294.3906338340344
1638.2318724048512,1285.8622653144337
1643.3255639287381,1277.2556755264181
1646.8291714111544,1267.9131393901412
1648.7096994003352,1258.1089565271327
1650.559825787102,1248.2765126053955
1652.6958305918854,1238.4991317632312
1655.1246721648572,1228.7980202257636
1659.1952561877888,1219.7369728924336
1666.0569599189757,1212.4974214935303
1673.5491679248744,1205.8837427966707
1679.8621231711522,1198.1514254151166
1684.8927701500152,1189.5257499678423
1689.5649778662275,1180.667249433566
1693.930122913,1171.6779895691686
1697.194111692369,1162.2407828848363
1698.5735752208966,1152.3428543240682
1698.5038048285664,1142.3642956818117
1695.8581624095468,1132.7807491019062
1689.532852426529,1125.151014140189
1680.5163654415942,1120.9667738527226
1670.6094578717648,1119.7746255464172
1660.625024489822,1120.2255276214817
1650.8867914978266,1122.4334010937212
1641.6935072728395,1126.3046983282566
1633.0132988425528,1131.2937916182536
1624.7247629988499,1136.8583447775966
1617.3251148476525,1143.5865518104602
1609.9186174636484,1150.2681720065923
1601.5205785313528,1155.679402864527
1592.2448781272174,1159.4051721622943
1582.7700305630106,1162.5845860595869
1573.3711533649457,1165.9967136154955
1564.045993782105,1169.6101279751329
1554.773822451983,1173.3581404386425
1545.4624657079528,1176.9781206778896
1535.6740584265215,1177.9376866779999
1527.9351679332358,1171.9102447271312
1522.5485690233631,1163.4745015164317
1513.7347763369755,1160.1225259156527
1504.9818320355787,1164.7761958030765
1500.1787189483643,1164.6379679031377
1502.2727766425905,1155.1471001364741
1494.0176775315476,1150.134414408133
1492.2608278521932,1141.4329955876678
1495.564186267376,1132.7514428983932
1486.5515260493157,1136.955782166258
1477.1346538056953,1135.0989131749202
1471.2038353486062,1127.160170364857
1469.5267245920895,1117.41529338795
1472.070045892386,1107.782804429796
1477.2256291494148,1099.2482550584157
1484.8245008347435,1092.7654561465558
1492.6715482691343,1086.5628313072202
1500.5261022703648,1080.3851023112543
1507.966684286042,1073.7265730830302
1513.051401611328,1065.169427246094
1516.040260224314,1055.6305340055628
1518.1112590770324,1045.8523512732534
1518.9161685696877,1035.8913614764106
1518.6606027698517,1025.906596170426
1520.176555136591,1016.0492406599824
1523.8645857328534,1006.7753636320576
1529.1575384788894,998.3056522832405
1533.1522475457778,989.1389004300778
1535.97202632761,979.5619843515683
1538.1473689511417,969.7902345741088
1541.0561332192226,960.2339938341374
1544.33226837819,950.7767665472946
1548.7217548291906,941.8252640125086
1556.227896864507,935.3629622221044
1565.724076092403,932.2872938054646
1573.0146939697265,925.9399430236822
1573.5418909969326,916.0657589087491
1575.6649443378449,906.4596968410615
1582.8579999999997,899.6956250000005
1590.4646570174693,893.2833999268344
1595.0432817998528,884.4950711621052
1598.7956652553846,875.331375459487
1606.0350766323413,868.5447906557458
1614.6871792695206,863.5660267798216
1621.3892068590521,856.2284841252571
1624.4449856243727,846.7896269787555
1629.0718635072706,838.018713149548
1636.4538786544797,831.341931659699
1645.0847916150979,826.2866373390725
1654.1414907957912,822.0615441238884
1663.274669800262,818.0775121732247
1668.8944208789867,809.9832269232678
1672.880957210427,800.8096297110928
1676.865411040306,791.6346396737105
1682.6503527580799,790.6430549441878
1686.1261986490376,799.9804605823051
1694.5332641029916,799.8090052739554
1701.1529200686516,792.3190719691966
1707.3371335203742,784.4773227316983
1713.511799184808,776.5964647103069
1719.61511934232,768.6751866763834
1725.4729162496078,760.5826523339902
1729.7500457875326,751.5766119158646
1732.2238692652277,741.9045705148461
1733.3659854087075,731.9705255070958
1733.3070727157792,721.9772116414545
1732.1221157294694,712.0520932327479
1729.670663309047,702.3686497391951
1726.1101859960613,693.0264538670596
1721.7569810960936,684.0307406877106
1716.9347155562955,675.2700197627232
1711.907144553065,666.6183176695246
1706.8281555905342,658.0164274053578
1701.4762514604063,649.5693658995873
1695.3313262900376,641.6880242082256
1688.0649836196078,634.8177428993065
1679.9129946241428,629.0593181498781
1671.114310805665,624.2937837250211
1661.8553671794689,620.5444905737794
1652.2264558470924,617.8537201404949
1642.391741119072,616.1015312656989
1632.4331675177139,615.1486111161729
1622.479432221776,615.71963298263
1612.8208244552613,618.3032096519476
1603.9769029148786,622.9210519964454
1596.224479917983,629.1990476942375
1589.6163497056218,636.7054749838046
1584.089620284915,645.0329197342402
1579.963894470215,654.1305943603522
1575.7789417170438,663.1556858194774
1567.9485929560662,669.2039371733672
1558.1554212256885,670.9212858469596
1548.7295154146136,673.8585762613636
1542.479822126535,681.463431861324
1539.5290989517189,691.0058261615706
1535.3970037070242,700.098386921971
1529.777615923882,708.3562131319052
1522.9654774466626,715.6676092653114
1516.6541351203343,723.4083690089273
1510.923771497724,731.6135073638303
1506.1674218266087,740.3987148026532
1499.5044925662814,747.7911903086884
1490.8341734335277,752.691116875202
1481.269949820416,755.5925441699891
1471.7434175462724,758.5702673854834
1462.5841350410608,762.5881965466841
1453.9366631320963,767.6170918413341
1445.9314845800402,773.5769639716154
1437.3701579337899,778.7478610370297
1428.172601194761,782.6129977019584
1418.616380624664,785.5780505374528
1409.3097082064899,789.2141998250491
1400.342844734192,793.6306761474616
1391.7892595434691,798.8150935831375
1382.4318721318468,802.2002458966563
1372.4889502151022,803.1441324419051
1362.5329087638856,802.3338362579352
1352.7744372175198,800.1534637364052
1343.5218447648213,796.4210997100703
1334.1719797312646,793.2006715231682
1325.1244295882175,796.8872728938763
1318.1327030518244,804.0418043889708
1309.2843283753034,808.5162861479695
1299.366972035014,808.6011638261255
1289.4592330428504,809.6575666031723
1280.1863495087105,813.313363646399
1271.067396847223,817.1207285529904
1261.9160722054767,813.6590807874655
1255.1720749192461,806.3032746598578
1246.7287274131777,806.1062135963447
1242.7923317469108,815.2746610756506
1237.6535766497777,823.8199134078703
1230.2279465062416,830.4641888957954
1221.3156043872448,834.9452342574617
1211.567761958897,837.0127753737576
1201.6803276622406,835.9994388375494
1192.2584576855004,832.6950907644189
1182.4980612669588,833.9428251001245
1174.1220953143757,839.395460176655
1165.9521246558502,845.1496584971255
1157.7623352772391,850.8981336241048
1149.570066886209,856.6254034961171
1142.2175982608146,863.3881583765748
1136.0257922973635,871.2392370452887
1129.2158594783564,878.5350941413401
1121.5462754428397,884.9473080330106
1113.163384765625,890.3465585937505
1103.5544482745156,892.9240131280577
1093.7782620409328,891.306277120669
1084.080875916887,890.6068399977175
1077.0988979917095,897.435215340302
1071.6695309308016,905.8009164573909
1063.5828602701652,911.4876444772488
1053.7372042814075,913.1683619393693
1043.8395266947823,914.5752659064538
1033.9512308353192,916.1094338815748
1024.090842798005,917.8062662920566
1014.279540738188,919.6446994301534
1004.2904420473576,920.3498771288997
994.3035447976889,920.287931903579
984.3996257917883,921.2077527750142
975.80516928346,926.1888108503239
969.103550412073,933.5841631858477
963.3716742261082,941.7746486980997
959.0188562963979,950.7681584195501
952.8266731830362,958.4547246463455
943.5316620327859,961.8911492180683
934.2775874253019,965.5518505087949
925.9908074798585,971.1259043919451
919.5017630484105,978.6754163794218
916.7579798900952,988.1793458120876
915.594950319377,998.0885667373043
912.5955909531415,1007.6144004803157
907.6646234369576,1016.2818987213827
899.5894161302487,1021.924319451262
889.6817510712146,1022.945330602885
879.6753304711007,1022.9789282656253
869.68667412702,1023.2451542737565
859.7058075043647,1023.9219207460029
849.7911275745995,1025.2386362345324
840.0635677729323,1027.4932170562527
830.8932723114481,1031.4271406608034
822.6474659843444,1037.0955632591254
814.0888236613828,1042.2472532094123
805.113248574131,1046.6503551165065
795.7046001463159,1050.001504324031
786.1588635077476,1053.0321209819324
776.6300437384201,1056.0628723302243
767.1216456736698,1059.1308107861475
757.608667201445,1062.237665563654
748.1168245787323,1065.3556510548078
738.6260760042406,1068.5263171077963
729.1859922741316,1071.8282991920578
719.8777675475452,1075.4523024260266
710.7437724040691,1079.5141393974934
701.8482182570975,1084.1112413660762
692.9882535147804,1088.724825841818
683.7995438697195,1092.671713230362
674.2704009736638,1095.6688243427498
664.5637399057747,1098.069670546406
654.8683470415153,1100.5445902111014
645.2016735310035,1103.0715137673787
635.5434289200351,1105.638041178975
625.8091616945183,1107.976606499492
615.8780442869745,1108.0383636849788
607.0091463313101,1103.6459827914243
598.4335686874389,1098.8263191375738
588.6341300079318,1100.045813373734
579.8302994451439,1098.8439608050992
579.1212857593715,1089.0262466030508
582.7946721611022,1079.824593463898
589.9554531117602,1072.862741513141
597.568171010196,1066.3870305614475
604.868405801094,1059.5716805273
612.0105395769607,1052.5753426406573
618.9834039627118,1045.3891250640488
625.4142089362739,1037.7325584961777
631.5006570022804,1029.8465879094763
640.2500037043249,1025.1168741120266
650.1347410886151,1024.0464724382043
660.1272334237694,1024.6508316622976
670.0622935077622,1023.8159151853476
679.522515225336,1020.6737459462663
687.8447887632158,1015.1818351675397
695.3316249313355,1008.5632381019597
703.414218402623,1002.7000372393709
711.9903948660269,997.5268831562776
720.9253716019776,993.0791888008739
730.0748456345618,989.0264630879707
739.2701783643943,985.1103085511656
748.5142330434347,981.2987431654784
757.8263627791497,977.6288684533017
767.1851366200299,974.0859858908882
776.5750667555502,970.6612275452921
786.0043019922557,967.3419005722586
795.4781279884145,964.1195802808708
804.9650992829446,960.9646416240125
814.4483606148192,957.8405100007111
823.995067125411,954.8029760686276
833.6162697062939,952.1371656473209
843.5509387234005,951.1476525356312
853.5586958656684,951.1682197579298
863.5430484983669,950.9455145919794
873.0620786279337,948.1807435733847
878.9650401787087,940.3829360914235
883.1548164612492,931.5101156486277
892.3104233664646,928.0800175120612
902.3039398012916,928.2535399841306
912.2155607819856,927.2119774131629
921.3227578493655,923.199881432459
929.5017865858556,917.4668567685957
938.1826480896472,912.4885735782389
947.3414998258992,908.487209537165
956.8136794550172,905.2940857545664
966.5134329646812,902.8617760408292
976.3680509481876,901.1661556056293
986.3062957088706,900.1689541253639
996.2998632465215,899.9060515405737
1006.3021363702416,899.6231837092641
1015.6619137864308,896.3781384776629
1022.9656203255242,889.6084077535481
1028.9492129729688,881.6150697768483
1034.6193927278723,873.3727623211605
1040.0731131970006,864.9852477685542
1045.7711210437415,856.7766582715366
1051.9624290023444,848.9496653845165
1061.2874782103677,845.6924069699342
1071.2207964627378,846.3619881174195
1080.9103881746296,848.8711796429534
1090.322590001271,852.2234283465058
1099.458801071313,856.2819149267062
1107.3383952081501,852.8826700537135
1107.5556623780017,842.9686680348026
1103.8865850812088,833.7541498287071
1097.6161773071285,825.9778502502445
1102.422233239145,818.9527165381214
1111.386257801972,814.5795258671571
1118.4488214596956,807.5975217460909
1123.8076134719847,799.1626680054669
1129.2040114344359,790.7472288357619
1134.7075990276187,782.3886676774848
1140.579640605283,774.3185236104965
1147.6831203200807,767.2993221208926
1156.0781071745753,761.8666465958286
1164.7859631932897,756.9583074630532
1173.1589980345946,751.5075327042587
1181.0754633113095,745.3869952165924
1188.4841337328655,738.6806157628703
1195.392910068512,731.448638462067
1201.8275875293834,723.8002180842986
1207.9342698558448,715.8776189553771
1213.5085041258112,707.5799990511915
1218.6816419232366,699.034496802989
1224.8558264942765,691.1837601366644
1231.965742519314,684.1467010870346
1239.3879170853904,677.4581100374261
1246.1331133329868,670.0889355000263
1251.9386465320645,661.9338331093999
1256.8330717407466,653.2351542745835
1264.2368378224376,646.5840052809721
1273.4562198255003,642.8149795951399
1282.9128548844865,639.6338176755963
1290.9359594714092,633.7446496517656
1297.1181816431658,625.9136457437208
1302.121582809627,617.2523272987014
1306.6129189524363,608.3197362360308
1310.6982156440347,599.2371964185672
1318.801735261616,593.6134263319183
1328.5920935151578,591.6209096627241
1337.8278098100168,587.9355897411365
1345.3998372711949,581.4513855874162
1351.1111223609446,573.267871140421
1355.440485273838,564.2572341232305
1358.080804184489,554.623598091722
1362.836287109375,545.8740996093754
1369.817988459452,538.7299209200064
1375.17448229599,530.4107107696537
1376.424838991642,520.5691294994359
1379.491744278908,511.26952829952097
1387.3419650620851,505.2317227874973
1395.6525369148253,499.8440000381474
1397.540762847904,490.4111707016644
1396.3821435840912,480.6328160069254
1401.621225117996,472.31386014168754
1409.6530074771026,466.3606318118027
1418.0568607007226,460.9395227362189
1426.5430562741783,455.6359265404208
1435.0771110386222,450.43945546056284
1443.5571828162836,445.1534875156308
1452.0175672515525,439.8223906917119
1460.4757617726916,434.4697062457417
1468.9009941176973,429.1014361310953
1477.2973430679885,423.6620865622391
1486.026066988712,418.84925374926297
1495.8116188204567,419.0338445776361
1504.9144577713014,422.48279493331955
1509.5584193905593,414.0848006652002
1512.2026161004976,404.43942623526465
1516.449733958277,395.4090283733427
1522.3979416351392,387.37870358829804
1527.6223176462724,378.8665822091014
1531.036191031456,369.5007915515904
1532.8443920898437,359.6665439453129
1534.2094761931305,349.7568903662925
1535.5032809429167,339.83183205032395
1536.5829348104262,329.8895198200722
1536.9005312099418,319.9140264794011
1535.145523480922,310.0980641247634
1530.671376516983,301.18906712412877
1525.2815564212651,292.76240435576483
1519.5624776736627,284.55062264454216
1515.2903455427886,275.61812541091484
1515.5881625120044,265.67065663462915
1512.9406528784707,256.15377253593545
1508.1613760858236,247.3961418185974
1507.3604256161657,237.5038495990256
1508.1732745848988,227.54191448538884
1507.996774182074,217.56012742889715
1506.5420827912321,207.66363943841256
1502.999821250051,198.35141683476076
1496.904780287074,190.47275270830426
1488.9868240190046,184.37554508615898
1480.4435211601258,179.18500049972573
1472.6343430770848,173.0035191452051
1468.8132555028199,163.95290391552493
1469.5619460073913,154.05032460944955
1464.0847044155923,145.97385720880266
1455.766533023095,140.43772150051228
1448.912428333474,133.19639202487602
1444.242953186616,124.39381226874184
1441.832097163826,114.71062550510507
1442.2884254787264,104.74010436005932
1441.5870046249784,94.8265789046897
1437.0675588188765,86.00076671510976
1431.1033807657084,77.96443368560524
1426.0655600083326,69.34006781438443
1422.6859044027326,59.938344703197906
1419.3853754424063,50.50593297497888
1415.4748149309123,41.303507380640674
1411.1319480780473,32.30238061947696
1406.2522113491393,23.576175585193628
1400.6202532758412,15.319292843632818
1393.7682142737954,8.03999765579444
1385.8070991563795,1.999313248634755
#
