2.770108893371187,26.322006268940868
11.435046377040445,21.45174830681086
21.26439551163465,19.733772951968014
29.327296875,14.150186321258548
38.15233522701263,10.58112412786484
47.737840061452935,13.300834212818067
56.6955243191272,17.754943332756525
65.03286361588538,23.25130280689348
72.68345444953441,29.675089965513905
79.50029926639364,36.99219991221954
85.20541239921003,45.188301102444534
89.8657639321303,54.0430158732552
94.04767809470381,63.1199502475945
97.97893919429929,72.31258124005049
100.81335700107272,81.87971342156548
101.57040305786485,91.83578645749483
99.83547323518991,101.65665314906836
99.98052194863557,111.63901829624176
101.76046711228508,121.48081242515147
103.34389008375351,131.359837566331
104.36796022355556,141.29688096481559
101.47743712468167,150.51393684201128
92.77131573522183,155.28945926045813
83.25804134107382,158.33129368680713
73.41595580175252,160.04386480930853
63.46793614602555,161.01357500978463
53.612216345699515,162.28901790121287
44.619718024919045,166.62744892114316
36.95452703239583,173.00180701219568
31.475624347827633,181.31697650186493
29.26949183726311,191.0293223332241
24.662679017968482,199.82689865424857
16.919738656580453,205.96989046594499
7.125715776421131,207.29817145588248
#
0.004896772932028399,405.96564062897454
9.83562091267109,407.3499853193164
19.068385650309732,403.93236662563305
26.90585297608655,397.72982072040065
35.414733650610785,392.4972331707161
44.81400048690289,389.1436426032931
54.70006737673283,389.4673741696253
64.33378271484375,388.07422265624996
71.92618027518714,381.5926651907936
79.13404795074463,374.64475927734367
86.32411762152519,367.71009929506664
93.73515027987864,360.98765133156064
101.84383502534777,355.1528294767681
110.6775465707722,350.5372582026436
120.55957191931549,349.4816229516877
130.2859000430411,351.6806574027219
139.43079401961714,355.68777855824675
148.12391758150608,360.6367517095431
156.57919956881648,365.9831421141847
164.92888160986453,371.4818673335909
172.89030083743143,377.52668788100857
179.80699740446556,384.72987945237287
184.6692144255042,393.43072930765146
185.97243544104788,403.256855257485
186.32214918015268,413.2542763395378
186.70251771821634,423.2508651818905
187.08302682650694,433.24730397461985
187.0350298624225,443.2439192540934
181.9654506143973,451.29234011648464
172.1993151243059,452.95808735428096
162.71324694177974,455.50277184621893
158.97927095643433,464.38176048999276
157.30634172720931,474.21718441112245
153.98953226761523,483.6432543527111
149.1531455625296,492.36560789299006
142.23558840634118,499.54614291039104
134.35866793210877,505.6996722883544
127.07773926847013,512.5439023855091
120.89989030334497,520.396232666322
115.06595441246037,528.4645972943306
105.95708326113227,532.2890048866644
95.9950840454102,531.8788501625061
86.27519144218232,533.0807994466761
79.71544927339633,540.4701174595299
76.50569083507362,549.8810287630631
75.83197512543205,559.7642872307896
67.21064512738589,563.9140389977097
58.26288005314026,567.7940765969008
55.14465569853041,577.1160490590482
46.81498503196243,581.9450858329534
36.95605817923349,583.6163826844629
27.231418034195933,585.9634391644001
17.799738171899723,589.2473814800269
9.237203627288375,594.3481956338286
#
2.772057866794639,826.8359613215248
12.668838151109403,825.6579365834745
21.491292478382586,821.1554400106743
27.055032981529827,812.9411308976562
34.38838099674042,806.3128007406855
43.463033069066704,802.152618305415
50.800445190429684,795.4259366455078
55.55047589254379,786.6826452512742
56.8823162364168,776.7987556674984
57.13501581016927,766.8108434277774
57.02051212969701,756.8178211041541
58.982624908313156,747.0338047957794
62.652215959079555,737.7449167352618
67.02730813915282,728.7556646388472
72.99793521853536,720.7679582538904
81.336595703125,715.4318508300781
91.06065927928685,713.1017712359353
100.38985994792078,709.4940435375431
108.90118435049976,704.2730063280052
117.48731580952088,699.1634402854918
126.35508515262602,694.5452557778359
135.4067246131033,690.2815983358407
142.9500240411162,683.9558763047456
146.0634597028205,674.4930037328284
148.4809655745029,664.7903770213724
150.6512083929479,655.0290331830606
155.2653235070456,646.400608857936
163.60825707498748,640.9694588914523
173.30594837665555,638.8849668421745
183.1057231679335,640.713440997742
190.54362370300288,635.5104270286561
195.1807896960554,626.7723198660026
204.2571270163707,622.8803959978595
214.06313398242514,620.9036446510925
223.78607279032462,618.5678127279878
233.36465124511716,615.7330375061035
242.85085534684958,612.5409006278159
251.7609762770831,608.062259359099
259.68505350273847,601.9570689143836
268.27253263767057,596.9227989501134
277.9873627858329,594.6403898258144
287.92327957266184,593.5646326586698
297.9287988212145,593.3304953803625
307.91369073763434,592.8901765161677
317.8329021987504,591.6748629635964
327.7224440741575,590.208268773975
336.4726761187537,594.1676147463695
341.1351252322196,602.9460400166513
349.40532933475436,608.3252995816042
359.24758922746764,610.087355878547
367.89793305974814,614.645134524813
372.038548061692,623.6394789438071
373.6861330184935,633.5050806884766
374.56806967106445,643.4062301529348
380.3582008647619,651.425966419965
388.26825250458705,657.5471254193782
396.05002389010394,663.8119870181121
402.8266303343654,671.1438567142784
408.42087891802214,679.4320229448053
412.6738774969539,688.4716136555886
415.2488587412124,698.1130529357092
415.290488889694,708.0467081761359
412.01782288017847,717.4870980974658
408.0511142763989,726.656904453057
403.9245439496499,735.7625053231042
399.7395377351267,744.8377340679914
395.40882599940596,753.8691650371757
390.9594839523144,762.8117228387129
386.43700506035225,771.7286336024255
381.88846242338275,780.6414738573417
377.2753676192488,789.5084890679104
372.371642501354,798.2324958906174
366.34792345454434,806.2065517030043
359.13287499999984,813.1110000000001
351.9264829966424,820.0145612720253
345.82124738965445,827.9413201949058
340.63419366290645,836.4758453219454
335.45004694890963,845.0027490415575
326.33454155349716,847.6843628911973
317.0609999999998,844.0020937500001
307.2963815698324,845.0238178205565
298.91110983730465,850.3928492958221
289.08963773608195,851.0066557374599
279.5370477199101,848.1122315801277
270.3229440754436,851.052421369834
263.64586639153475,858.4833011162375
256.5422051448215,865.535586026363
249.17226776507388,872.2900167655274
240.87070592527354,877.814337353073
231.18997733926759,880.0213127508164
221.2176109942634,879.4195703920666
211.56578680473555,881.7379710091949
204.08308120817958,888.2226464879485
196.3748390855229,894.5726304378836
187.5219424130878,899.1841885297122
178.35244625124366,903.2105443507306
169.14264369896927,907.0771905432316
159.90434854318804,910.917872774828
151.05138404303773,915.5007237280606
145.2590472489743,923.5074309698716
141.13510827386364,932.5355005425811
133.3320439862198,938.5983535677948
125.79990673828111,944.9656767578125
123.12229383470103,954.5118747407496
119.14240290862307,963.6266827270388
113.02466856568292,971.5183917015863
105.64316121551377,978.2681908992156
97.39753786711425,983.9202652599713
89.29946683549457,989.7854204964203
81.36023281269505,995.854403691083
74.62713594497725,1003.2109962048157
68.55808257461136,1011.0687606014693
59.20149470362051,1014.4018547576442
55.56377878475173,1022.2615737134813
56.74500781701862,1032.1636326181006
55.64170169620573,1042.094101040111
53.172328811526135,1051.757158957243
49.95384100071671,1061.17749440452
49.40269837915136,1071.1489273349569
52.20800601216669,1080.6509894581466
59.66858283233627,1087.0156356282234
66.88786132812484,1093.7836132812502
70.71377231359466,1102.9875527906418
78.69653689030544,1108.2044576550425
88.61671401122558,1107.2918991385218
98.39684338302673,1105.2116297488262
107.96706886381641,1102.3714720173032
117.63520546174698,1099.933043982189
127.56818744277939,1100.5468673362732
137.3889085460304,1102.4817837237717
147.2611298728062,1104.0710384589956
157.1816431957696,1105.3730712179188
167.13119658934252,1106.248617490655
177.12416956467166,1106.205324116297
187.07866511724038,1105.2866256275988
196.91999977562284,1103.555691930582
206.56029565978037,1100.9118645754236
215.95822327232347,1097.4571271510722
225.36981102296372,1094.095015356787
234.8107998605686,1090.8246361753327
244.30265156205544,1087.6645187976455
254.01582010483824,1085.2699768142895
263.95734826464195,1084.3403340176121
273.93953884353755,1083.7268439852514
283.90566743957703,1082.9106265919816
293.8478330624777,1081.9261375206354
303.77328144213544,1080.6240268744307
313.4693206330201,1078.2514469167077
322.54172167949366,1074.0960952117293
331.33682908689,1069.333428353899
340.5146242227373,1065.3767505985077
350.00403714703543,1062.2313582844681
359.7348410181793,1059.8877140351563
369.57771644335224,1058.1329278655958
379.4856962980392,1056.8681367636354
389.4730730077995,1056.5648797926262
399.4251999774574,1057.5455309886859
409.11161621104446,1059.948242622188
418.36788109704116,1063.7490246763493
426.9636765336523,1068.8110211790167
434.8096288833561,1075.0228223442623
441.85111991173017,1082.1196906781709
447.9732102775572,1089.9999241502883
451.2096366406836,1099.3790796906585
450.49798608612537,1109.3273566675366
448.3804179858216,1119.0817651217055
446.139690673828,1128.83626461792
443.91663183883566,1138.5880691174261
441.75503101390586,1148.3548139846698
440.3696995584451,1158.2302373084042
440.044073804967,1168.2260101652555
440.3164334787502,1178.220053350244
441.2621846220026,1188.1795277400001
442.3492305675744,1198.1195709768535
439.629628550534,1207.5643788222076
432.3118814868851,1214.3283875246052
427.87467720329744,1223.119282136321
427.1786278627793,1233.1000639280323
426.65865487598614,1243.0831592881607
426.0391690696617,1253.0660677744888
424.76118081538425,1262.9659595900357
421.8156885108947,1272.502465503693
418.8747676092314,1282.056838507766
417.41414131021486,1291.9282103738788
416.21997459712424,1301.844011593724
413.50446894532615,1311.472585079199
410.27548556263173,1320.9211884000583
407.27523697873187,1330.4686212894994
404.49855851774646,1340.0745048885722
403.2121903949528,1349.9608493234907
404.1270743126197,1359.899908108659
406.65431131696687,1369.5761763992316
410.0940097874951,1378.95183862944
414.82004477039806,1387.7564001629207
420.9070492196214,1395.6828578854224
428.2819099844693,1402.3983091521864
435.3663508731032,1409.4187261159695
439.8518828713297,1418.3135956038836
444.488479164951,1426.9787498491232
453.49394622376644,1431.0108255470473
463.4466141831477,1431.922740556422
473.409655531268,1432.7538888034328
483.27541841776986,1434.3186493962044
492.98396019920733,1436.7387984056436
502.3806669921874,1440.1462414550786
511.25311782996755,1444.7371916374964
519.2406455793677,1450.7248910176659
525.6040627221464,1458.3913277988884
531.111663630408,1466.71572446427
537.5465726870209,1474.3751695442702
544.3089177262286,1481.7425866357135
551.8537841916083,1488.2910296764378
560.5519025541093,1493.171962705405
570.1006892089842,1496.0985349121097
578.3673547687529,1501.388495265961
582.0378844151012,1510.5580345423596
585.4889028331525,1519.8783741459476
592.1993486618427,1527.1958290411003
600.4889451642632,1532.7557852967384
608.3875572637281,1538.8956220870748
615.8230467789717,1545.588134561125
622.7681189180691,1552.7773219328992
629.3116122717856,1560.336386484623
635.6733323428035,1568.0529934523704
641.1751190743064,1576.3878718122778
644.1120612965449,1585.889050701097
643.484553475678,1595.853129284263
643.5922862314266,1605.853666261216
644.0331172247501,1615.8417186089594
644.6691612717984,1625.8240454527609
646.0918777992856,1635.7198577833608
645.8407246475219,1645.4098314590456
636.3390634413809,1645.029288999394
635.3614842015412,1654.5550489236434
638.228873626548,1664.1080387063057
642.7971200052276,1672.988338547923
648.8965347892193,1680.911360286661
656.252451097441,1687.6710522867934
663.5897769017319,1694.4796458773
670.6789815991447,1701.5242648015399
675.6401750893594,1709.953154735089
672.2941608027638,1719.1537240277225
665.3431268991474,1726.3176722029266
656.7504394201767,1731.4076895571393
648.6055508876891,1737.1803222837889
641.8390825967789,1744.4420354161862
643.0454254599576,1754.0980701479457
647.7197191236587,1762.94652476088
653.2758189875408,1771.2526874789598
648.7744306837916,1774.0785565400872
639.7936498275623,1769.6982508569456
631.8448914072142,1763.6829662412038
624.064802917377,1757.426596243681
615.1466752296462,1752.9539677985315
611.493630172789,1758.2003665739899
611.0365458360845,1767.51845166977
601.6736099757263,1770.3156106418692
592.4935816363691,1766.852745436013
583.3587351956367,1762.9172048377397
575.5244937247595,1766.104566799192
574.6272766628265,1776.0078634901051
565.8238208585678,1775.203889008016
558.3568920373468,1768.6101623896734
553.238923334672,1760.0602656947872
548.8009360889122,1751.4556819401162
539.0323708855508,1751.5279742442372
532.4846598401068,1744.1395616178515
523.2385852646828,1741.0199619250302
513.6137292522872,1738.4026839819107
505.4971150643229,1732.7826940946584
502.27499125840416,1723.4243734197657
501.632934935063,1713.4600800898525
501.4247492263242,1703.480930043005
500.04619436679087,1693.6076223771229
495.05597281343955,1685.0123699858082
487.54919813945884,1678.4658643985767
478.27920713260767,1674.8178341818827
474.10219771194454,1666.58131867981
475.2864260130583,1656.6871675348077
471.25343323516836,1647.817689319611
465.08305008612564,1639.9690809152362
459.7749070482254,1631.499094939888
452.6341918875276,1624.6452742981617
443.87083883127934,1619.8521322244223
435.5426323646902,1614.320306852043
427.45228389531644,1608.4361686638065
419.0710562576353,1602.973774876945
410.2729905853271,1598.2823030586244
401.01546410948026,1600.571260030389
392.62914491058785,1604.8456929217589
386.87880774349713,1596.8800757173822
378.1389650963544,1594.8142194197776
369.56378651274736,1599.9131230244268
361.3209041976928,1605.5757348022464
352.3332778449058,1608.6802389349941
345.01871133596353,1601.9631641739677
335.8436938588693,1598.1992888770478
325.8783448804616,1598.086729133189
316.79378605474716,1602.1043801186415
307.65597239545355,1606.1038239978816
297.91014780592917,1608.3389514563087
288.2217943972158,1610.7669118761094
278.631306490954,1613.600731533798
269.39606159928434,1617.3887970616674
261.38036187909444,1623.3390717415873
252.9306132164001,1628.168177490235
243.07129151487345,1626.6121843872077
233.26577336736761,1624.6101070785305
223.3842970961704,1623.2390480581753
221.49432302173594,1631.5582822957174
220.20951692480963,1641.3258941695844
214.01461567738832,1649.0734368815633
205.13880141060608,1653.529481674599
195.26497015666956,1654.8654547281271
195.79820155584807,1654.3831575625545
186.03064718724943,1656.3775798747126
178.09385585882137,1662.1609125742482
176.97305260236928,1671.8578408427552
175.2754690107479,1681.4265162502757
166.68262435915912,1686.1868094163178
157.12922830691244,1689.1489838897073
147.6358381657004,1692.2787250722058
138.11745347840986,1695.3321977851817
128.56004492187495,1698.3119414062505
119.10263497290755,1701.5133745620108
110.40238561862796,1706.3490484872077
104.10660921270396,1714.0180437355941
107.0104952216148,1722.7087648849492
112.81913892099259,1730.377135909446
108.33148136958476,1739.0453607790846
100.43841432952878,1745.0836738815315
91.02996484129432,1748.3963089665872
81.13431604425139,1749.7525789401566
71.1340360923409,1749.7935406582212
62.0897113037109,1752.699907501221
58.74637397646901,1762.0925417886378
55.11120787052621,1771.4116091846195
48.4987296962123,1778.1920339207725
38.66161435699459,1776.6329246521
29.19128011906889,1779.2525926225933
21.92700487681568,1786.0821113406962
16.07582729317245,1794.1728544150965
8.743764495396954,1800.7276012582993
#
678.9026631997535,1814.5510589886533
681.9038266424462,1823.7037498090863
684.1409527682662,1833.4027447152139
682.0126503725088,1843.0904711506423
679.975489265834,1852.8706559069137
679.2361542410255,1862.8220387941599
681.8615781464995,1872.3977116683022
687.7612083677363,1880.3946981408226
696.5692561098783,1884.8066736388134
704.1953896865843,1890.7574210853577
707.9036646238096,1900.0408639617294
712.7520465258955,1908.7650438071491
718.9682744814529,1916.5905595767945
725.7516573778818,1923.9295929039336
732.7422859941142,1931.0475639150447
737.8584221303424,1939.613328079703
743.4537175218461,1947.726230052352
752.4945579505636,1951.7968381188066
762.279232926607,1950.7647772214484
769.9688971028028,1944.5499461714353
772.6680385131834,1935.1710463256834
769.2971593872307,1925.764675872445
767.6619087992309,1915.933431102164
768.2100323600769,1905.9612058882713
766.0494325815121,1896.233211788643
761.9744708480833,1887.1049049224853
757.2910439610201,1878.2759033596153
751.7561529146953,1869.9548434660585
744.8590932584402,1862.8033423250913
735.1654587866067,1863.4244381275776
730.5821968886852,1856.27263513124
726.6949946978315,1847.4881194097698
717.6756368849007,1843.3882816723462
711.6351620691642,1835.4817788066493
703.8002857933035,1829.4261130677603
695.282432347104,1824.4001595754996
688.2985498725175,1817.30952831167
679.0770134277344,1814.4079071655274
#
749.5967031186952,1786.3932566993217
744.2046810422447,1778.005073958126
736.8245318584442,1771.308828639984
727.7529404296874,1767.144271484375
718.5211581003182,1763.29856947801
709.2584899349213,1759.4991094475388
702.2464601001815,1762.7358179083017
704.5968804364205,1772.3522165613172
711.3699937680365,1779.4483458115678
719.7830395504461,1784.7652923992248
726.0525842172653,1792.5236140788056
731.5308905744553,1800.9076381559373
736.8212604503241,1809.3861902104672
#
626.5432245459389,1999.9904447570461
626.0969210216309,1990.0460537401977
628.4056356770172,1980.3420961600266
633.49573118031,1971.8029459088445
641.0036723035573,1965.2650695299508
650.5804784789811,1962.9030640786264
660.0741060289497,1965.8427893330763
668.9570898708253,1970.4424861359896
677.1178920672107,1976.1842436902562
685.9005817600706,1980.9580707991151
695.30473777638,1984.3008142956032
705.2074219845979,1985.595640708827
714.7685483341663,1983.5446280154813
717.3372820663451,1974.3100641899111
715.4361567624089,1964.5120158382026
712.2552600000062,1955.0601839740627
713.2175071864127,1945.2149359183315
714.927656603217,1935.4191575883035
712.9560152436643,1925.6713304897478
708.3093652201685,1916.8289477445514
702.5423627671868,1908.6650601505862
695.6651257870392,1901.429663437908
687.6592697753905,1895.474583496094
678.3127540125175,1891.9048304051908
668.8463228157161,1888.6681125239138
659.3599378971903,1885.5067264635716
649.7065522486121,1885.0258214937303
646.5867778172492,1894.0527981090547
636.8448401423849,1894.994199585461
626.9869134514202,1893.3060337277016
617.1790635637303,1891.3597889565717
607.346525127516,1889.4974529567626
597.5033757851469,1887.8310067892044
587.5848891277266,1886.5601235869315
577.6016392588615,1886.6749568810465
568.1029047584086,1889.6886599066484
558.2762050873945,1891.1281605578042
548.7207342360681,1888.3625736919148
538.8587514496643,1887.404103525497
529.5038941797308,1890.7692406467602
521.459020313263,1896.670286758423
515.1614187598461,1904.3773086913418
510.4143819788675,1913.1716813432668
504.34010186774213,1921.0866709417992
496.85324775766884,1927.6950500161195
488.79086061786114,1933.6182459109427
480.5586373817945,1939.29450616142
472.2871019942118,1944.9095758196154
463.9426364875762,1950.4174705029468
455.2985864955276,1955.4460962628086
446.28244213867185,1959.77053213501
436.9891734303758,1963.4327340697434
427.86818911112846,1967.5434900214004
419.06989268589024,1972.2900651850705
410.68129635844195,1977.7439079374944
401.39014693464054,1981.3137849267964
391.4283257689476,1981.8122309446337
381.44635929324863,1981.428417106888
371.4564986584723,1981.913865611318
361.53848545888104,1983.0632772521183
351.7348306768611,1985.0260182057027
341.86713730341194,1986.600659870625
331.8656955672475,1986.5326565110918
321.90716953911635,1986.8428892030047
312.5847869230612,1990.3402930859818
304.80937528980525,1996.575388465351
#
