0.0035172933192225172,1592.996106570651
7.915281783856452,1587.0841037896648
14.393858451843261,1592.6489825630188
17.321192569918697,1602.205167138075
21.14080278248526,1611.4421292529796
26.82680846946407,1619.6105815083104
35.01645073080063,1625.2493645391464
44.162537639617916,1629.3101891098022
53.6995123956789,1632.3041868594137
63.27537078554183,1635.1543240876347
72.83188308721874,1638.1348993730965
82.39863563208002,1641.049918162265
92.15737787383794,1643.1308767728433
101.97703247070312,1644.9254847717284
109.77616560969875,1651.0390734972405
114.47332683566214,1659.7738001563475
113.73896366674452,1669.5237144300715
113.33740131113679,1678.875106055662
120.64173905243632,1685.5602055605968
129.5820220116796,1690.0123098827805
139.0114682351472,1693.3542433098219
148.6660768153295,1695.8911256094275
157.45503082352874,1700.6057284438014
164.2839373460412,1707.771625328958
163.12675434190035,1717.295714259088
167.68211312087567,1725.288213542326
177.02147508764267,1728.7571280074121
186.924447170211,1730.1028611463605
196.90113702970558,1730.138459675461
204.9811914006546,1735.5670815347582
212.23776497393845,1742.3466841995717
221.70635699180423,1745.3436034030283
230.56039561480284,1749.4433563334942
233.79135658576152,1758.798214786918
236.12531653672457,1768.510187086761
238.6154636828229,1778.2036809169128
241.59377563476565,1787.7409521484376
245.18705545885024,1797.0784379606134
252.93723673431577,1799.6081657040268
259.76672312451876,1792.3062802610466
267.10205127863213,1785.5166451903854
275.35254318085265,1779.8910153598572
283.9396949317753,1774.7802864582463
292.6500686979294,1769.8523122167587
301.68711754764126,1765.5810685427036
310.66438234293486,1761.2074665174923
318.87943254230487,1755.5066540911766
326.4723707527172,1749.0114841091581
332.6949914360046,1741.210946559906
336.58131363574415,1732.0448920230428
338.7934980212143,1722.3053932969704
340.7136030448154,1712.4902361463205
342.57368686911366,1702.6636816669034
344.180355439961,1692.781220453739
345.3254741383855,1682.857144080411
346.2805823311443,1672.900743978848
346.25264901733397,1662.9317062683106
343.32736801481246,1653.386595146656
342.33289320248366,1643.4650927153825
339.9878137233854,1633.8345414137839
335.81329806462395,1624.7575886646134
334.17956467901917,1614.916233433105
331.44254044149073,1605.3292185101284
327.15525537729263,1596.2898035645485
321.7771215820312,1587.8650371742249
315.7134512329102,1579.91810536623
309.54231368890964,1572.0664461056656
303.12000842089765,1564.4000933513744
296.3962031524628,1556.9920606621354
289.88602488525214,1549.4334023366123
285.94785593885086,1540.3021927887826
281.9004807548523,1531.2325129470828
275.44570806521176,1523.6262212649585
266.90953234494475,1518.5181030041429
257.63702710723874,1514.827085411072
249.18393488051743,1509.506963809565
240.13285530418156,1505.2981690121892
231.71744485726953,1500.4955851704856
232.75230592315273,1490.7543344762225
234.41764227954346,1480.8998843731226
234.8626200609766,1470.9152378351869
235.88031150354962,1460.978543119988
238.38718270455675,1451.3101816679223
239.65247038888933,1441.4718647241593
237.99985012161886,1431.6122432052066
236.55431348091363,1421.7111925870777
236.06176562500002,1411.752484375
244.02467052449845,1412.8837392075911
252.8233839440616,1413.500050097773
255.13909706773143,1403.9054088490216
254.77296464628725,1393.9082399124284
252.74113298174834,1384.1467272238706
248.27616462543816,1375.2331024187765
241.21681960493976,1368.233059371781
232.4951846326599,1363.3343826270889
224.55405825450737,1357.3435641645233
218.70699157166015,1349.2666495494193
215.27555114536452,1339.9028155715228
211.2433097300157,1330.8306740498099
203.60236157226564,1324.4910003738405
195.02705288696288,1319.4656830263139
192.59464012010955,1310.1227883577526
193.469671958402,1300.1932394264334
190.8894953058958,1290.571290831268
188.3691985379755,1281.526471601762
198.07760993947878,1281.1516483069381
207.90221230471505,1280.0963360198748
214.12991928724944,1272.6948721102106
217.3086161422729,1263.2694262657167
226.26916009037006,1260.926925105898
235.99251565634296,1263.218917512745
245.95243797764925,1264.175400889099
255.92790100771185,1264.8351124765875
265.8334797091484,1266.0494250774386
270.56956987854085,1274.0583807432058
273.47219996815915,1283.4463783506756
282.28458147311954,1287.626693037771
291.9319313929015,1290.2789010711122
301.0093408961845,1294.4513224595266
308.9523145091459,1300.4779477799539
317.3238520728424,1305.8253135163193
327.03244349710644,1308.097753612273
336.9168617526143,1309.5512372076141
346.07101941585535,1313.5017059144977
354.2743164891097,1319.2130705632824
361.71283288430607,1325.8926438855262
368.2736733359098,1333.4394024658804
375.6570104649215,1340.1576590952207
384.02398187443634,1345.6129629940701
393.1260590213536,1349.750286141694
402.7394685512697,1352.4169054715135
412.6750871663568,1353.5005506108278
422.6026967195197,1352.5692151529347
431.94377823848276,1349.121390495758
439.9728290125727,1343.1755739119133
447.9240908349854,1337.10065261221
456.0411783982055,1331.2840228708503
464.6527715089944,1326.210245331437
473.5168437979993,1321.5679730114978
479.97285697629206,1314.4281670179669
479.95109966000075,1304.9684700399027
488.4499441784992,1299.8417420475039
496.03716834387455,1293.5106140250177
497.8835606836509,1283.8951793477743
498.30654521140264,1274.0200386185707
505.0729978661536,1267.0231213660245
512.9536809062184,1261.0222395588005
517.7951303587918,1252.2970231109684
521.0858912127592,1242.8592294432876
523.4553569681793,1233.1589162329728
524.9921953444685,1223.273956081719
526.1353113033938,1213.3352424948562
527.1801564015036,1203.3934908827898
528.1637908463365,1193.4493388930318
528.8660254823005,1183.4736322728677
529.1731264054588,1173.4642611972226
529.0703378306142,1163.4655713977797
528.0814348812586,1153.5362517851015
526.4624324405021,1143.6588871733125
523.76422036314,1134.0531194314958
517.1458094355202,1126.8179993081467
507.7213389318286,1123.4889406064156
500.73860079807037,1116.6328607489468
495.966822176938,1108.1800171722134
486.3767358125533,1105.9364657606015
476.3740420942957,1105.9928755338447
466.74271004667617,1103.6278092263115
459.34138827767214,1097.0236095225218
450.448467897849,1093.2216846224333
440.5333889418187,1093.3880891119952
432.2874077165126,1087.997025432952
423.47245029669244,1088.0985929891394
416.5772461920463,1095.2545154794093
406.95731900140635,1095.5885806580409
397.66284922768114,1091.9171928095411
388.6167214751242,1087.633280213356
379.7742584946378,1082.979808510557
370.85864899136857,1078.4411808644684
361.85926812878523,1074.0774240929059
352.588046907219,1070.3663052824904
342.72779423856724,1069.1002349572182
332.76768414383366,1069.7801081424136
323.9759670959235,1065.3694589203433
316.62212600851046,1058.5881234674457
309.3461810685005,1051.731321339087
301.9537927246093,1044.9966267089846
292.9082983355521,1040.9084644808772
283.264959067623,1038.299490319367
274.08856103873427,1034.3340717644528
265.49137783050526,1029.2522364883425
258.0748102088362,1022.5768751704476
252.796007497453,1014.159828048752
249.364940785408,1004.76996211962
244.77649849541476,995.8826629535782
239.47891427567032,987.413082182798
232.8983737873961,979.9068992176694
224.7162499876124,974.2153522876347
215.9543263897252,969.4052924102241
207.51271550089857,964.0550550029429
199.24346500712622,958.4324659343963
191.6980525149413,951.8811657951048
185.65776947671165,943.9570461714271
181.30807348909835,934.95566543533
175.2676365340947,927.0085465160686
168.24620974886406,919.8900451987912
163.33476832330214,911.540611545511
168.4216723937987,903.2029003601078
164.3997286797379,894.5677727986383
156.8207625732373,888.037414496461
148.75554702758777,882.1303634948734
144.76052151060094,873.4827928724889
148.21094995614132,864.3297149940556
157.39915617959565,863.6431212686583
166.65638498869157,867.3479411380538
176.58805728149403,867.7941282043461
185.33699770773194,863.4821671599898
192.04728384896362,856.7081886618291
201.997077168771,857.4245897861034
211.97341519966716,858.040495263629
221.93457496688694,858.757996547909
231.85467196796827,860.0558791868914
241.64287548430255,862.048216789015
251.2331547880172,864.8966046099666
260.4634984890027,868.7045972342137
269.0828339960118,873.7595678110313
278.460974653564,876.9487558260558
288.45717506148753,876.9177495995308
298.3852547317318,877.6217885903391
307.68563914933793,881.2261695564096
317.340684805368,883.5647476314638
327.2760917003825,882.7190814204146
337.25818241447854,882.9043054487122
346.80762502427854,885.8020333828362
356.63946074988684,887.5272618477348
366.62727123945535,887.2450791281577
376.393068233651,885.1920952611868
385.3833992121937,880.9217939380076
388.01636764053245,872.4777780420263
380.69499219265475,865.722138757612
372.65646465229975,859.7933823347691
364.3115784706174,854.2826847747643
354.697953381203,852.0005759641084
344.8880402425154,853.7244711268102
337.14122211414565,848.112157877088
330.40079012723726,840.8637729597384
320.81332585610346,838.4095257054693
311.15735495946024,835.9090766036394
302.3879632614552,831.1832150285769
293.71272802760814,826.2679644882115
284.01508678829657,824.047366773248
274.176657728508,822.4250085604344
265.3683681013881,817.8195604312871
256.9596501863398,812.4012224612815
248.3751328473388,807.2564637763122
239.60044044470777,802.4820023221453
230.11923480057703,799.358550287128
220.31896611258003,797.4526098374151
211.26810238105048,793.2696441469197
202.83762811110634,787.8918802733742
194.59317020182485,782.2152530082107
186.6935365676879,776.1001686744694
177.71467733354856,771.7484699927201
168.64514948729226,767.7653202006718
163.40844868013252,759.4365291340876
158.73091365702405,750.6391466256187
151.39935083055485,743.9358417830471
143.93226875776784,737.4269841457237
139.33056035065175,728.5616644392893
137.85798573237645,718.7498560639624
140.1567054748534,709.0677056579593
146.0185614662169,701.0624710407261
154.87803981167067,696.6132837217156
164.6378531302138,694.4466340699759
174.51974011883595,692.8723540639993
184.48694983341252,692.0383349397895
194.46302184947012,691.409235770752
204.4551825915574,691.3338586381083
214.3775075351995,692.5366692076507
224.01960189369214,695.1105491904984
232.60829357528675,700.153168408193
240.7773171825408,705.7125361657147
250.68073605084405,706.292034139574
260.66836014737873,705.9388442769516
270.5882638295888,707.0880932700042
280.2850296619254,709.5186495336754
289.8516822401406,712.4281851451318
299.1485246331402,716.1216666810992
308.02244583129874,720.6942010192876
316.2818720379471,726.3227347819213
325.019273562032,731.182260577473
334.3012219772039,734.8901364690379
343.9295521339401,737.5478852214966
353.75104368055054,739.4565473383769
363.6356074262226,740.9485356291399
373.6041697480249,741.7488060043403
383.27342575412234,744.1109585832361
392.1452356755127,748.7003567884419
400.3778465408692,754.3718483949699
408.4196449625555,760.3076319876482
416.0915426295147,766.7135662463079
423.9209719634791,772.9461934817037
432.2525869140624,778.4770456542974
441.0028476114537,783.2988935813408
449.4942583359777,788.5574756681849
456.0996400775275,795.9885111242992
461.4782827346138,804.4130281659117
466.8049533247724,812.8815376003017
472.0984989666938,821.3708328967098
477.730995569527,829.6389989544753
483.96384226542887,837.4565393204189
491.35572900390616,844.1148872070316
500.72091015534096,847.4693252579202
510.68857844650734,847.8565580208902
520.3198534741251,845.2823703290452
530.107240150962,845.9759713016381
538.0523853939957,851.9781184923579
547.4864926732778,851.2476998711082
556.3104727779179,847.1307071131378
565.2897353942245,851.1130164278467
571.9950981780291,858.5005865632147
577.2248947143555,867.0199691772461
581.8195370712281,875.8085034103393
590.1511819458008,881.1840376892089
599.940284377411,883.0037909631953
609.6308521451801,881.0901639147401
619.0914784668544,881.3491454584254
625.8495224976493,888.6486391865694
631.6639880885184,896.7863909059483
636.6158729546071,905.425886723295
636.9133831500282,915.2823588908976
633.8784046549054,924.81017901472
635.6967150811107,934.3411398464814
642.2269175026566,941.8953912297263
649.1645236489809,949.0862801049747
656.1799862393977,956.2208915080107
663.6431362539074,962.8746980533936
673.0697512293701,965.4238206728128
682.7307931046338,962.8805048679188
692.6457523782617,961.8012772622211
702.5298600855051,963.163378717727
712.0589988914662,966.1767581065943
721.3897261257173,969.7492826957703
730.3101061943473,974.2831211821436
738.8009640925826,979.51557896775
748.5927757030727,980.8255560030043
758.1328354857211,977.9135401839601
767.327437175682,973.9637302167914
776.4243114290015,969.8046647701412
785.4962265554695,965.6040731828194
794.4827117635614,961.2237421752012
803.144799414158,956.243864274025
811.1906847884159,950.3180119283415
818.4184943410196,943.3990601467062
825.7277531202698,936.5841749057454
833.4597492985131,930.2528388687373
841.6322331883289,924.4939458910435
850.1227988934006,919.2040060002264
858.2339154415198,913.3803680548787
866.0761675203639,907.1625622576755
873.7012079474703,900.7011901184171
880.7738598010569,893.6285410197843
886.9592418559121,885.7869620781167
891.8893241415119,877.097813570688
896.0405317864245,867.9943440329234
899.9712523894063,858.8029731389311
903.8443270264942,849.5813046352457
907.549428741854,840.299140003135
911.0102958784105,830.9054189624786
915.6119316921215,822.0782317799933
921.7059065196664,814.1515245009214
928.259872817114,806.5919506470115
931.9570665814449,797.4468330287282
931.1941922343524,787.5118896649702
931.5157149086001,777.552789645195
934.5511894035342,768.0635611963273
937.107826375589,758.4321834688774
937.1351042633505,748.4340107324672
936.3627492711973,738.4756681191379
935.4876188020652,728.5043120349706
934.1387093303354,718.5961477544299
932.2790475463869,708.7840705299377
930.0439032146606,699.0230473449361
927.3617055955689,689.39380396921
924.4432126377963,679.8323224458638
921.4613564019536,670.2810195556376
918.4273439639901,660.7574686711561
915.2836659837676,651.2698907963761
911.9227546074244,641.8444616982777
907.8429287385047,632.7194109085723
902.203842661161,624.4803543042308
896.5233757704416,616.2566329510389
890.9741929635406,607.9444696704857
885.4559098167421,599.5978588883877
879.2569685437085,591.7852966663204
870.6667405851847,586.7757968513678
861.0790897933366,583.9600163883074
851.3585642512453,581.6147637441105
841.5535589651158,579.6051692554029
831.8251317373897,577.3933484283043
823.3781749218704,572.1735942545532
816.3221671442166,565.0997816191922
808.7934754234461,558.5054167247378
800.9586200317143,552.2943776611402
792.8097280512229,546.5150192719333
784.3153783583045,541.2415702109356
776.2844250488282,535.3403673171997
769.8525493556263,527.6888458102941
767.005119189188,518.2762075181231
770.2149836444576,508.93749069894193
776.5788891023398,501.25271901577713
784.5414813842029,495.20852416571233
790.18750850679,487.15847298551347
#
0.005085537262260914,1784.877965643838
9.113055426836015,1788.0928255138992
18.98038887807727,1788.992701521553
28.80684037992358,1790.6749913239255
38.755530989725145,1789.8550722217476
48.73008848542534,1790.4617827321151
58.450609641909594,1792.6972182181478
66.9594202806009,1797.8326489871451
72.55769162524491,1806.0507480528577
78.80624541636556,1813.8419584938513
86.24854639533442,1820.482945248927
95.41988080895135,1824.2765716314736
105.4044191389084,1824.2728254008293
113.91569413008075,1828.7736440713536
117.92329196620267,1837.9094503213
126.28180532274767,1842.5754932408036
136.22573547363282,1841.542333984375
146.13871022116393,1842.6503649213241
155.47415646306146,1846.159086073269
163.72138973865194,1851.7523445270238
170.2639892464876,1859.2876445704103
174.83256766259672,1868.1545184094311
178.26202136265206,1877.5565238967224
180.2854221258089,1887.337139909938
181.15313053224702,1897.2908798263827
181.6207241024375,1907.2807576286195
180.63552353814987,1917.205010055609
175.59717819597574,1925.6726427675783
166.58493295718637,1929.8799987670518
156.9702475476166,1932.582450057438
147.24626149742014,1934.9424768665513
137.5051342769654,1937.2092303445122
127.75685488721706,1939.4167025047211
117.96648839523573,1941.4451655525318
108.10655160945839,1943.0850330685637
98.16449388408103,1944.1602943147234
88.18374636457301,1944.8981883312576
78.20277938588522,1945.1039014613516
68.21117508750595,1944.5055242683702
58.29525152924564,1943.2044400078785
48.44918317431118,1941.4478891148697
39.05700738790538,1938.1012548067104
30.637759727802475,1932.7404762709089
22.626124120214023,1926.7726423579986
13.465322265625,1922.8605375976563
3.5523823654651645,1921.762796726346
#
