416.99792198137317,1999.9926263135321
413.9073420766661,1990.4911037799443
410.0053006897086,1981.281244212531
405.23475640606415,1972.496272993963
399.56322357512204,1964.2807041144572
392.99105488559695,1956.738368374232
386.0078544947974,1949.5790113883106
379.1160999250927,1942.3538472883977
372.3677978596603,1934.9530611271523
365.8033126993784,1927.4258855966814
359.7155910050944,1919.5056921199857
356.98703194359683,1910.1445749664606
363.4445000546127,1902.8187082949803
372.087180810807,1897.8141493543733
381.20239244617517,1893.6963895818171
390.68802056849,1890.5485485674067
400.0915599969178,1887.1674881184017
409.16664622191337,1882.966348262363
417.8637753392532,1878.0588585897879
425.3401419405415,1871.4702785138757
430.67994118869296,1863.06616118741
434.3109590792749,1853.7369051343462
439.1767815033708,1845.015658979451
444.84756087940934,1836.7939975873828
452.29130799428833,1830.2141626516077
461.8492376605821,1827.662243937021
471.8219720444903,1827.1214296352118
481.5127881531268,1824.7299620668364
490.6825520784408,1820.7857002673818
498.5030030563043,1814.6118963142328
504.0774445776939,1806.3506482939717
507.08101598385724,1796.8309296279922
508.6455736370086,1786.9721830801961
508.74380552801483,1776.99377162116
504.8725890808105,1767.8993092837334
496.9530693359374,1761.8957177429197
490.0997561455965,1754.733647999644
486.54928567087876,1745.4178871923211
485.050795751949,1735.5464954869044
484.4901019047181,1725.5614267641472
484.35580829201416,1715.5561019231977
484.4076973474693,1705.5659139299
484.52540982858824,1695.563737778507
484.88108695113647,1685.5683734096883
485.7878940429686,1675.6098493652344
487.4985626736758,1665.762087878973
489.8446433829975,1656.0493438940393
492.02097175810565,1646.2809819485637
494.06729792328076,1636.4960636284106
496.93925254266696,1626.9661798500267
504.45002519243945,1620.5804676167963
513.5171706857541,1616.3794327398127
521.8004368336573,1610.8120944755892
529.1040872387289,1603.9987875428792
534.9171698087131,1595.887226287395
538.4674391241958,1586.5602000372974
539.6623383351275,1576.6588577046764
538.817092239817,1566.7089728393507
535.974268460315,1557.1509035947458
530.4814908638,1548.8812854309078
521.2872468719481,1547.50995973587
513.2490240792501,1545.1081841413254
512.0445468556394,1535.206140970994
510.81572579583406,1525.282241007787
507.9292664972869,1515.7303690762033
503.2743296105218,1506.9013501577786
496.67578693837197,1499.4578346582164
487.7968200903339,1499.9552497923241
482.5842313517136,1508.4824458085163
474.927498973906,1514.711070767365
465.07486136827606,1515.8445098406064
455.1008614653562,1515.1518710649775
445.1941519884886,1513.8187156266326
435.4157491809474,1511.7403422379994
425.4666112943034,1512.338701677799
415.7881043316348,1514.8048811302183
406.07705506283037,1513.3196777019868
397.7860681290626,1507.7563244166968
390.15230815369995,1501.3068817502929
382.02342877523205,1495.907673205456
372.1151748139932,1496.4731450248805
362.68032571577265,1499.7693435853869
353.5889840395608,1503.9259430054258
344.63041527557357,1508.354469894409
335.2616938101052,1511.1907385685445
330.5960431799487,1502.9897938650781
327.1583933763801,1494.1787638540936
318.6463623749873,1498.6576870767017
314.3054735750927,1507.4934859601258
314.65987055295693,1517.3501437788007
305.2452585425357,1518.6583405879378
301.13147168086084,1526.5248870240118
301.88161575531944,1536.464214109197
294.2852122884307,1540.2350667571861
284.74699375563597,1537.2293056933063
274.8263931529067,1536.889001810262
266.0573993317325,1541.3643075865068
258.63563864689917,1548.0385734739316
249.97588471726215,1553.0326024811702
240.62062757955275,1556.5054383417132
230.7628344625158,1558.0844729584974
220.83184052883814,1557.2403547827441
211.80509515764544,1553.0729558523578
203.1036359567044,1548.207133858973
193.3680577211974,1546.0683865069147
183.3959577560338,1546.3655785154942
173.6276028435765,1548.5131697286706
163.87092482367885,1550.253368108436
164.50619313104897,1541.4625417086477
168.7296412048338,1532.399243164062
173.20797908455114,1523.44418800497
176.69517159223537,1514.2176999092098
168.67710289987252,1509.1139356635226
158.7381478195264,1509.3232778263557
149.6318646198103,1513.2626656577124
144.0657602377085,1521.362130111113
139.60965344025175,1530.2124570008662
131.25573072116802,1535.4275126080063
121.42145923473072,1537.1721780853975
111.99701406918155,1540.4426923064468
103.40851307979578,1545.529043755828
95.16555472348982,1551.1058222040635
85.3448819746025,1552.643337426165
75.51357522616573,1551.0069092416672
66.66427344099726,1546.44765623589
59.80882522950953,1539.2278988464043
55.56918692016582,1530.209966491699
54.073730934142866,1520.374023235321
55.19208178627471,1510.4537402371761
47.16072490787183,1508.9531591794457
38.10661966718155,1513.1716899556245
28.64950578383919,1516.4278716943802
18.766467383981603,1517.8229868534788
8.800128790856721,1517.233407115166
#
0.0050003090177051495,1419.192541899822
6.158170877985656,1411.3252952370497
13.540444415874779,1404.6057085650116
22.118422026634214,1399.4980213027002
31.439380747718733,1395.89492077675
40.63703841400146,1391.9919100608827
49.73492254638672,1387.8137262878417
58.323186812587075,1382.7381445148362
65.86963514000176,1376.1961990445254
73.84846999234927,1370.2181390171893
83.18167833204473,1366.6687082465821
92.9837801757875,1364.7337453646824
102.87144145471044,1363.2573293790815
112.79670866538396,1362.128983038902
122.73005538642404,1360.9439191436766
131.02295382833478,1355.6505552778913
136.3294778140187,1347.2052976415293
143.39653855589776,1340.1764771462676
151.87308668393325,1334.884362875463
161.29039248716828,1331.5910219836232
171.22770714638565,1330.9514657953305
181.04259126208532,1332.8547768416176
190.8964532964378,1334.0772101399298
199.59318379609286,1329.499314353883
206.30086378383635,1322.0906322746273
211.87162699181584,1313.8012817657363
219.07455650076173,1307.0360452781476
228.26901157153395,1303.1395245256347
236.1203663874417,1297.0989333280027
242.5422370805293,1289.4234448600707
249.08800829079485,1281.8758409116915
255.92722422890364,1274.5684406330731
262.43810917464106,1266.9944352724667
268.1680890565514,1258.79805735141
273.4221687665581,1250.2851520531772
278.5415380639732,1241.7153350505248
283.3408098440468,1232.9422980661964
285.4784132003783,1223.3085246162411
282.35600504434103,1213.847432579577
279.55660220148974,1204.2509441947782
277.8906283977991,1194.3971664335297
274.89562403534256,1184.931578973033
269.13803555631637,1176.7939542622564
261.722584767282,1170.0936384664174
253.18444219875335,1164.9331700552698
244.2686929267645,1160.3997767549006
235.4085377170518,1155.756760034356
226.60756780613212,1151.033135411862
216.951754329063,1148.947731476381
207.00291065202,1149.951662129642
197.00222945928576,1150.4065272356265
187.01548318129778,1150.28734732072
178.7448477964252,1154.9696349645067
175.67084399469195,1164.432163590107
169.79690617519617,1171.9460965227481
160.03181618060916,1170.3009146790278
150.5550332659244,1167.0886133622448
141.1564402526682,1163.6776210626742
131.78137409381566,1160.2043133287054
122.22968482442198,1157.3818364259373
112.65269931126383,1159.7815678014754
103.84589075169953,1164.5008642296043
94.42504847642812,1167.8499199974087
84.85719555675982,1170.692449771881
78.2008701430261,1177.7939535579974
73.1020755023807,1185.9548014052507
63.36785081524236,1187.5324099846805
53.65754993443677,1185.2898222218068
45.181198237895934,1180.1025877132413
35.64505005668474,1178.502512997895
26.35178584554789,1182.1603441212173
22.26747458937762,1175.0687058359829
20.558625208258608,1165.7364776716825
10.951541996331631,1167.0547014391545
2.1327319564539717,1171.7634499918768
#
0.006123607440546039,957.5224567375424
8.480033378706315,952.2600141981329
17.8106790946126,948.6756955850722
27.66447253417969,947.1962901916504
37.66225561751798,947.3045467364332
47.144380018887105,944.4641781453275
54.18899852102995,937.4705219253897
61.96967173713352,931.301817338163
71.56049557015021,928.7893076300453
81.47294873011393,927.5831938057709
90.93983957689255,924.3933537952091
99.79106330484151,919.755185927349
108.02432550054789,914.086419893247
115.82009534884524,907.8345746613544
123.49178864137549,901.4260611005546
132.42869778431952,897.0027023973129
141.9416783527583,893.9596672150678
150.7035384708047,889.1437048966288
158.49194726086316,882.8890674411402
165.3261113512488,875.6046680847796
171.20364388656617,867.5186425704956
179.66936840820316,862.4675173339842
189.51004243527996,860.6932446607309
199.0798545966596,857.8036956404892
208.17237345981601,853.6525691461561
217.70486166631238,850.6800941003653
227.5786667315839,849.099660822165
237.43170205688477,847.6138125915527
243.3499328883635,840.056987929549
245.25809606968522,830.3717009570486
254.19260202735387,826.9904522581127
264.1589581670156,827.7873379019507
274.0766400794983,829.0978916587828
283.9658172883988,830.5240278568267
293.8965560834017,831.7589134899191
303.1869489335698,829.2022729116474
307.0947042292804,820.1308764304072
311.27870272827147,811.0999691772461
318.0491385148689,803.7890281620473
326.3306351980688,798.1993423615861
334.6104457007768,792.5915839146887
342.53943230889274,786.4987885590056
350.1068206481933,779.9709741516112
357.2473768046052,772.9761683652348
363.8405333038781,765.4560325737395
369.6815409762281,757.358135986355
374.64188971596025,748.6772728972276
378.93794074232875,739.6378114574029
382.9514528314939,730.4877180665401
386.773765833378,721.2445942336017
390.22136349457503,711.8550253457427
393.2345133056641,702.3157742004393
395.73934861946105,692.6405593361852
397.7441864556186,682.8550146596048
399.34624297651646,672.9832150444907
400.7749573264122,663.0750181593894
401.99204769524573,653.1449008477002
402.84902535084694,643.1921746471018
403.294073154442,633.207484365396
403.3263319882685,623.2045269123976
403.0880124237901,613.2113443909517
402.3727781558625,603.23838341488
400.99647157022343,593.3210165791063
398.9401194098592,583.5383935688135
396.20370009561964,573.9240239589179
392.80426242728663,564.523024550967
388.9353177419165,555.305448283755
384.5655337667465,546.323389725208
379.4632056726217,537.7081822817919
374.1860013211518,529.2358925734384
368.835600036768,520.7814710430623
363.45990946492714,512.3450004640024
358.0753982929757,503.92358222013206
352.68220903734675,495.50418498165226
347.2565706666187,487.0974547461073
341.23696606463193,479.1229219967795
333.9183231585453,472.3368919108066
325.32671863184777,467.2630373243137
316.4508323949465,462.66461372718686
308.20070173128335,457.00263136775953
300.72084418929364,450.3836010504958
293.0099447203996,444.0391666820792
284.33405138669815,439.10190205338296
275.2893143415777,434.80956965016645
266.20990529657155,430.63109300030374
256.9143378073797,426.9665245061551
247.12918097477967,425.01891841453755
237.14475184065827,424.43448508925024
227.16752463483812,423.72234551000565
217.21392963177794,422.69558185083434
207.3716702729642,420.94466578305077
197.81267073422526,418.06282910427205
188.7760662557008,413.79053150582195
180.62386630020572,408.0338084464452
171.33618879641597,404.7915286575329
161.54287957309003,406.46922460288056
151.88261663496243,408.9956937630798
141.91181437879806,409.2945736086365
132.2243783767447,406.87345374307006
122.29664427664136,405.85051480334687
112.32975313949589,406.4983863205906
102.4478737072945,408.0371604518291
92.51588775832211,407.2238706744087
83.38009799104933,403.2939819553491
74.1620632716966,399.46057658467356
64.35443308666713,397.5685140720326
54.41638221993095,396.4616311655793
44.47797721929106,395.3714259729234
34.541009583077425,394.2685892987566
24.624950599790584,392.9558463947007
14.880996939231675,390.7520563318783
5.440780620574955,387.44619978332514
#
3.6428189482509628,234.0352816040538
13.401643705487249,231.94714873605966
22.40035873413086,227.65015133666992
29.945688012727537,221.12931950030196
37.49483996504545,214.58301045608522
45.56018697304279,208.65209730482098
53.58581159383221,202.68253014214008
61.5176489726305,196.60868030333518
68.72743817668537,189.7307771855503
73.15592826384307,180.82055470818278
79.04257953063308,172.99631960882428
88.53208067299519,170.06049297737886
98.46700126813633,168.85188969027433
108.42594545367322,168.02402505759085
118.39752344799345,167.30676282688387
128.38102450408252,166.61801827628045
138.36674905385078,166.05309498660262
148.3578168513775,166.0966574597954
158.3233285795315,166.87581187559113
168.2438378700577,168.16927955903572
178.11040601614118,169.73890741255127
188.0067498336397,171.2685139330169
197.93263381347433,172.4714995994204
207.85559946272897,173.68066451715953
217.71361392535644,175.26765588585002
227.61426582717897,176.45130712127678
237.2286124880491,173.95672672004713
245.09181680468473,167.83939200635996
252.8858212144114,161.6199773389259
262.0641501985304,157.7296391532076
271.4330788490885,154.28903624249523
279.65760849260636,148.62963333988927
285.748202203095,140.77333059549323
291.4185272208145,132.57123044126473
298.2921981179497,125.30353187644604
305.69196701491313,118.57392628232141
312.5074694402805,111.29776217500954
316.7945559120178,102.30726351070399
319.18164632797243,92.6015812234878
321.3545362994912,82.84020728641009
322.9503071125196,72.97027287743515
322.514558510731,63.022241810067506
319.83105552244183,53.38466425085062
316.6857311996073,43.88599368987972
313.2712069219351,34.50241602456564
309.3540108395796,25.30559786855983
304.9122401805594,16.33137334176243
299.9895339660644,7.633613437652586
#
