1827.002687285935,0.006078959110891446
1831.3727929313668,8.980116803245618
1836.4005017366633,17.643158881887793
1841.9144193113223,25.963896694555878
1849.4292958230806,32.435418038489296
1859.2273687896281,33.83412366263568
1869.1435684562928,34.79321815947187
1878.4382162221075,38.380879498004916
1886.799973379977,43.85475563651323
1894.8163828673644,49.86060852608551
1902.5592382534219,56.18344535914808
1909.811990244207,63.04959089057986
1917.682797083756,69.19814087322284
1926.2748143777615,74.32239046918414
1935.3412588226843,78.53104537618347
1943.9384284197986,83.61558239741623
1951.886550006634,89.67647419958166
1959.0515312671662,96.65003879070282
1966.4355230553938,103.39071483811279
1974.1788880424072,109.73012816237379
1982.135591546176,115.7639476111112
1990.29965088979,121.55573903825041
1998.621357687207,127.0936500119837
#
1999.9953996380373,526.0045209222179
1992.894823570296,533.050106710434
1985.948249530241,540.2183341121673
1987.3104915896429,541.2577625441552
1986.118319101207,545.614236927554
1980.044663830272,553.5595947578188
1974.554252021432,561.90096685642
1968.9157154382347,570.0678418911294
1959.7690921612689,573.8100182291781
1950.4386889324187,577.3011784773469
1942.1962735535205,582.920565228085
1939.941066940315,591.7205407620221
1947.9497389150263,597.6606612907648
1955.860828589233,603.7450548737493
1962.924158871318,610.811584031987
1969.0541733330115,618.7051396599039
1974.2609299140286,627.2493363870987
1978.4127232097974,636.3346884970954
1981.8955184431393,645.711179854354
1985.0980232463312,655.1885789015937
1988.313058257103,664.636298353672
1993.6636264384538,673.0520859811455
2001.1368418999668,679.6514771200251
#
1999.991425665284,1246.0011430452687
1990.1242434023236,1247.574690345037
1980.3398849833839,1249.6485813587358
1970.6740803989953,1252.2169194699195
1961.2175829412042,1255.417182958517
1951.6899561405182,1258.4647452414035
1941.8047061983125,1259.8033888310938
1931.8244301578402,1259.2879310268163
1921.8261917245043,1258.919628239164
1911.8366367631743,1259.0643112869807
1901.8511647080181,1259.6023155753612
1891.866253594756,1259.8460901544095
1882.3954116968039,1256.771211506188
1874.0211727547646,1251.3128126525878
1865.681564281611,1245.8002746992606
1857.0318188095093,1240.7892798805237
1848.1653675266448,1236.1490744173666
1839.2692605209274,1231.6078530960046
1830.3476670191908,1227.0838921257396
1821.3788731021261,1222.6591927390755
1812.283938836778,1218.5066890190133
1802.913731689453,1215.0211901855469
1793.1233834347129,1213.0878067603708
1783.1726967950108,1213.6223748363145
1773.5112220239955,1216.1650471340454
1763.575481173657,1215.7268302857503
1754.1268960992668,1212.534703474708
1745.3670295452014,1207.7121032455782
1736.1194997593761,1204.3734286233782
1730.0526360164433,1211.3909041140005
1726.0093463688727,1220.4994779423362
1719.6114007776807,1228.1475337677077
1711.5744140701293,1234.0745378112792
1702.63833429493,1238.5415078968776
1693.116479900832,1241.547069645767
1683.176614300063,1241.9246764146303
1673.7935390751436,1238.6618194706366
1666.1853288438906,1232.2020700815926
1658.5956648760512,1225.8066689543052
1649.1207350373268,1226.829528105259
1640.9428527554219,1232.4965705880315
1631.1714762067422,1234.0259767854586
1621.5019292011857,1231.6152671203017
1611.9776627996703,1228.5554166449467
1602.119417875343,1226.978858934353
1592.1821859093227,1227.7988317772076
1583.0709891462466,1231.773532164163
1574.7769393610954,1237.3752867388725
1565.6688649399625,1241.3944250368
1555.8478538280353,1243.2384257155284
1545.9045553665487,1242.4311715106692
1535.9746516113357,1241.2288425037118
1526.0207773802495,1240.2606049046135
1516.0583060043325,1239.4510090248132
1506.0726584295574,1238.815001897607
1496.077619302092,1238.4581846811088
1486.0940515470504,1238.6776858633757
1476.1916311514983,1240.0989096340343
1466.4884110093117,1242.5155131220818
1457.060065602593,1245.8130613542571
1447.761073191166,1249.4836200243235
1438.7902671959018,1253.8826859264204
1434.26648504748,1261.9044438620099
1441.261082112193,1268.8394896280765
1446.422310128644,1276.017241605513
1436.8350008040666,1278.3543328964113
1426.8713187428607,1279.0378574294505
1416.9019073632955,1279.8132252641321
1406.9679860831795,1280.9791454787926
1397.1302526358772,1282.7547115574819
1387.4662374971995,1285.3254987817118
1377.6593145930767,1287.1562655815483
1367.700914759683,1286.4895145025625
1358.0540788016474,1283.9423771425552
1348.9952719119483,1279.701531186261
1339.62492426496,1276.3351773395761
1329.6609732122379,1276.1334210081325
1320.218113531121,1279.2617861287995
1311.0571652690796,1283.2442960247927
1301.6794656957004,1286.7371636895168
1292.2146582012003,1289.9377663514224
1282.662095741951,1292.9436113690258
1272.9430289021373,1295.2269656326043
1262.9939776098504,1296.266856860608
1253.0115907394402,1296.1814063031202
1243.0671517295536,1295.125309588022
1233.2698943253192,1293.1139076561071
1223.787791448182,1289.968083546888
1214.5732666015624,1286.07419921875
1204.6931950779444,1285.0811650096068
1195.1527822321061,1287.806380113222
1186.1007002945043,1292.0018659530456
1176.1946562384599,1293.0209001036706
1166.4859629969596,1290.8153911643028
1157.228916659832,1287.0122172789575
1147.8309790132107,1283.6262875711184
1138.1786800104892,1281.0412457704078
1128.3300799436793,1279.2610217997094
1118.394983454463,1278.2574234447723
#
1079.0057715150042,1340.9967990800696
1088.3015617120545,1337.4359459816478
1098.2351985989326,1337.3405413898918
1107.243060162574,1341.5630100194066
1116.632938465342,1344.846797137239
1126.5464383288622,1344.1612993371411
1136.4353504775336,1342.8479287648984
1146.4125475648977,1343.3761421188162
1156.2445446670056,1345.1688053593039
1166.0429314721516,1347.2214278989034
1175.8211749173934,1349.3030184442878
1185.5397409544903,1348.2848775547066
1192.0197363996506,1340.8310400605203
1199.702543522045,1334.7311505975201
1209.602455793151,1334.4560484813926
1219.4429534527821,1336.1973599311104
1229.3255243937,1337.7744914305806
1239.2440532600508,1338.9828795984386
1249.1985495547674,1340.0193383551698
1259.1518929047886,1340.927656975891
1269.1251583148373,1341.635671378883
1279.12886152191,1342.0144797591279
1289.1244531124685,1342.070330188566
1299.122627023363,1341.869628996693
1309.1005953557492,1341.39754476285
1319.071998146344,1340.6440720785222
1329.0327837784612,1339.6285862273533
1338.9451597894192,1338.4042003680836
1348.8574433114627,1337.0382461620009
1358.7305763659479,1335.4582665743828
1368.5970595702006,1333.762510533817
1378.5393489351356,1332.949403401154
1388.514620175287,1333.572111658752
1398.3950432079134,1335.1333608062705
1408.2284069288223,1336.924045316875
1418.0526484398285,1338.757616137071
1427.8798426352143,1340.6366571734548
1437.671206523597,1342.6476661314368
1447.4332546386718,1344.8633239746093
1457.1260629971277,1347.2938829817726
1466.769205775178,1349.9637101059118
1476.3224793400764,1352.9061058278085
1486.2133922037876,1354.149204303487
1496.1815006001852,1353.5049214893952
1506.0943966611032,1352.170189149189
1516.0826489794742,1351.916034909348
1526.0552571133376,1352.6037919694186
1535.8900267362594,1354.4189223527908
1545.323384191968,1357.7036105123784
1554.1360095841778,1362.3807108861552
1562.1464188331777,1368.3770593697
1569.3046496424154,1375.348024448052
1575.675129442118,1383.026853172347
1575.3826782849433,1392.3140985479952
1567.1299949767813,1397.834565028958
1557.8188629893962,1401.5117379855542
1548.1998235830904,1404.2276111367116
1538.3833201846392,1406.0400382406979
1528.4415814525314,1407.2079636414242
1518.4720991600154,1408.0398668313026
1508.5018325281699,1408.7025084294426
1498.5175102448004,1409.2044942374202
1488.5414277020861,1409.8265803908043
1478.557587147259,1410.5312067438053
1468.593555435229,1411.2936327551854
1458.6065747871064,1411.9556409100303
1448.6175380097627,1411.9332442933917
1438.6432587623428,1411.2771369274603
1428.6478672468197,1410.9067267762916
1418.672259563869,1411.5419983029776
1408.7762883991004,1412.9850633800029
1399.0529954099284,1415.2564976237713
1389.4549109921231,1418.1171205648482
1380.8861075043678,1423.1032221317291
1374.651241952054,1430.8715736050308
1371.8019171950752,1440.3764994382598
1374.0027315044942,1450.0187368051243
1380.3623090761155,1457.5766916898638
1389.7774493589231,1460.4190686879467
1399.6888795135822,1459.2311126338366
1409.6708834392875,1458.6318925886826
1419.5188357466468,1460.167438191455
1428.3920942222699,1464.7197253353893
1437.6031746959313,1468.5778197653592
1447.3213053266145,1470.8588878564237
1457.2839538317844,1471.7293013687133
1467.2805184250417,1471.690033529818
1477.2668143096819,1471.283091210842
1487.2500250549317,1470.7562213439942
1497.2227021287254,1469.9327642981207
1507.1940645788395,1469.1291226062858
1517.1971145387047,1468.9853216350355
1527.1797713336118,1469.336629873191
1537.17286328125,1469.940173828125
1547.1253600106204,1470.8042345432257
1557.0772421875,1471.804427734375
1567.0517596044542,1472.3003989982606
1577.0513628911972,1472.3317567253114
1587.0501749591197,1471.8563983064862
1596.9723823219538,1470.6370336651803
1606.7105178927798,1468.4223953565136
1616.6872361432017,1468.1724297533929
1626.387313579768,1470.4773736946286
1635.8077222022407,1473.8401723495954
1645.342620498419,1476.8615927503108
1654.9731124913833,1479.5174995366483
1664.7170743737595,1481.7890827220676
1674.4901322014257,1483.9334024459124
1683.9871851637495,1487.0584184061688
1693.25194742587,1490.7959074719208
1702.2890428899373,1495.0737170175853
1711.0727938503157,1499.8608731093211
1719.5032209252045,1505.2067643898577
1727.495630072271,1511.2174454545689
1735.4345406415082,1517.2982165123801
1743.4215781573118,1523.3382890286264
1751.402777866219,1529.351874167144
1759.4075048418047,1535.3371345648766
1767.4664542540331,1541.2542599721987
1775.6454557048355,1547.031468980893
1784.011824779698,1552.4911790043052
1792.7434388034976,1557.3772398041096
1801.7573798349015,1561.6936447622497
1810.711020962,1566.1203855985405
1819.3224598054355,1571.2044591177767
1827.6697197126032,1576.714132530223
1835.559310645137,1582.8560147733351
1842.7573173442483,1589.7951032248138
1849.4096976660965,1597.2606420921934
1855.1183256198765,1605.4447503811716
1859.4433477618172,1614.457692008622
1862.021602066527,1624.0927574137495
1862.5183254089357,1634.0702776184082
1866.5552513890527,1643.01849106522
1875.0554933122198,1648.0590900054635
1884.6217603764017,1650.986346868127
1894.017543984685,1654.381669115036
1903.1288220085044,1658.5139518597507
1911.7667630483033,1663.5477182261004
1920.0403646446093,1669.15389254532
1929.0572406422905,1673.4412109369446
1938.3501680843829,1677.1406001422554
1947.8908054351807,1680.0913308382035
1957.742315404892,1681.7447397202254
1967.7477596616754,1681.8743510324323
1977.6963857422472,1681.0127173268795
1987.6387274149622,1681.5351522508472
1996.1105393907428,1686.6099650636315
#
