1999.9936087308959,232.0011898071858
1990.196009087842,233.94891386220698
1980.438762002945,236.13221199655533
1970.7442366699013,238.57069822007222
1961.1376936605238,241.39642196695416
1951.6393899408527,244.50261175688135
1941.849431742839,246.45061632195487
1931.8545972666388,246.7658013967909
1922.000841442713,245.1813591769575
1912.3648305002716,242.5450126046799
1902.4597953842208,241.26721259236336
1892.6192965990676,242.81768323302268
1883.415155696869,246.68076639175416
1874.9169766020775,251.93057174921034
1866.6469976322726,257.55537164383384
1858.55314399995,263.41934251396634
1850.907297830665,269.866692896586
1843.1564184288873,276.16785267686646
1834.2247010844985,280.6215393788129
1824.4945502635887,282.8487376345281
1814.7101217675581,284.8716100067273
1805.094430267573,287.6491660714688
1795.6323445022197,290.86231254482664
1786.2722151827813,294.4101562070847
1777.0571926032062,298.29276138865293
1768.063266341271,302.65357155275626
1758.9556628245116,306.7171470668912
1749.189514881615,308.78275732546143
1739.2053219294548,309.43733582258227
1729.8045316968532,312.63767765421886
1721.7577976179282,318.521186048002
1716.853207850516,326.93716652685407
1724.4253558048158,332.0322077390999
1734.243358550139,333.81451718543633
1743.750654037838,336.91956679868395
1752.4609915867854,341.77650597410104
1759.7994798343148,348.5366743724587
1766.3548464701867,356.08173374586073
1774.9609406009,360.98727996020114
1784.8273899497988,362.0313620147705
1794.782049282876,361.0543925087131
1804.789267797172,360.9914387857914
1814.7303412479023,361.9692487639468
1824.5760881580727,363.69446385828803
1834.4195754589466,365.41737627006603
1844.280081230916,367.1119456763909
1854.1380711647346,368.7720513561443
1864.0212866971651,370.3455861171866
1873.9322940583852,371.7224800804956
1883.8716852499504,372.71410477955885
1893.8649853936017,373.1309096210316
1903.8644968867302,373.0331251263618
1913.8632562939347,373.15926033769085
1923.7709608146613,374.45811184509313
1933.5318762257693,376.56699402368065
1943.4321049506068,377.96899711477755
1953.3889378278702,377.46044012975415
1963.2519007695914,375.8021163766757
1973.2017694440642,376.44570003264863
1982.9454274212353,378.71270333347195
1992.4281814918518,381.87501538848875
#
1999.9940365296268,983.0019205994979
1990.2835396875162,985.3037715628743
1980.3159798812867,986.0000896949769
1970.3927227258682,984.8461365103722
1960.4671313907952,983.9215044538751
1950.5839502822755,985.3243373837918
1941.1324094901681,988.5652437445074
1932.3077638214677,993.245319361329
1924.04383203125,998.867359375
1915.8902420998224,1004.6405099269002
1907.8597343729139,1010.6046979169846
1899.1444196290374,1015.4726222645045
1889.8225867897495,1019.1085541006476
1880.155610397458,1021.6394910174422
1870.2268949508666,1022.8441439139842
1860.2970291748047,1023.9583695697785
1850.4145959037542,1025.4520895287394
1840.6221307751666,1027.469256693258
1831.0316791218245,1030.2783838270134
1821.8613953441445,1034.2587143992569
1812.967245544861,1038.800574924876
1803.3840143645905,1041.6046217139428
1793.4712643470848,1042.8792495460855
1783.6321811522841,1044.3927497064471
1775.0734679346438,1049.4346126369342
1767.9059934132565,1056.409600569726
1760.50979710076,1063.1330079644918
1752.9822001900152,1069.7304383009673
1745.014343155384,1075.7507316207887
1736.0004091474118,1080.0082929300888
1726.1563368175925,1081.6659782183542
1716.3308211285812,1083.559918791062
1706.7102256681565,1086.2567825005465
1697.2172482536612,1089.4229567472962
1688.3703960271337,1094.0474586779485
1680.5761494582114,1100.2800061671473
1674.0703958998272,1107.8589575362682
1669.3035223320126,1116.6189995521306
1667.135397171438,1126.3303748656513
1662.3665983049902,1134.8216535610059
1653.4478913959892,1139.1350870905858
1643.5731043898704,1140.6682950640534
1633.5784093698858,1141.0331477984787
1623.5752600233216,1140.995765907332
1613.5970000082116,1140.4741743840136
1603.640616032039,1139.4557183030295
1593.6675492926202,1138.958305567123
1583.6692150402205,1138.8739061627007
1573.6736546647548,1139.1329769539834
1563.682822649002,1139.7082389335633
1553.7294930719333,1140.5429459822626
1543.7673352364536,1141.548324349303
1533.9080335510662,1143.1659173200792
1524.6533122846213,1146.7927270791336
1517.8460582079924,1154.04910372084
1512.2839275517126,1162.3512792123297
1506.8777258152627,1170.7593381647366
1501.679372024536,1179.2992354393004
1495.714185587698,1187.274809605471
1487.4833922250427,1192.8517095624934
1478.5686144316228,1197.350665699783
1470.9424515753612,1203.7862224197386
1465.2751528269287,1211.9959820175172
1458.5701523214718,1219.3843050142311
1450.543353226185,1225.34400816679
1441.9414703865173,1230.4441706528319
1437.658547687702,1238.9916532418356
1440.9139812854296,1248.3056229750914
1448.308213851487,1254.8387573370023
1457.9832780792156,1257.1119301032331
1467.9819521946251,1257.0504742962833
1477.9120229521573,1255.9789889027672
1487.6050030577499,1253.532727079037
1497.0696210349258,1250.3292614389723
1506.4862286926061,1246.9609207208082
1515.7934117168188,1243.2711561694741
1524.6558828568097,1238.6660554275772
1532.7439492234485,1232.8207477838341
1540.0134106080009,1225.9464574257859
1547.9120361836904,1219.943406668042
1557.7378643074037,1218.541652584076
1567.4075553398206,1220.925267319642
1576.3107834314183,1225.436263104044
1583.7670635298728,1232.0581240719482
1590.7228354703866,1239.2407357465802
1598.0569853574334,1246.0501131372826
1605.610206461191,1252.5948219476343
1613.726210307438,1258.4029720972972
1623.382955020058,1260.4064041495203
1633.0296374046245,1257.8866526237318
1642.2986087418394,1254.154531555851
1651.5625484228135,1250.369131333828
1660.854270300269,1246.6890240201353
1670.2097039581572,1243.1389310846844
1679.6304143501889,1239.784723327576
1689.1583685819205,1236.7245754880062
1698.7696951677037,1233.9998678803174
1708.4243302203718,1231.4164003776261
1717.6678964684456,1227.6914027329608
1724.7637712006224,1220.7209236073447
1729.5738496916695,1211.9731502378686
1737.45143436037,1209.2251545197144
1743.2337675923798,1217.3475595694772
1749.8216637180813,1224.8188548319683
1758.6998792864008,1229.1699608111232
1768.6625447459337,1228.942379180347
1778.6240601033112,1228.0537990923503
1788.615154997896,1227.9217808509152
1798.5871835991331,1228.5622343897046
1808.4739255782401,1230.1691258891906
1818.3777139498147,1231.4553333032998
1828.3517951386705,1232.2136288354832
1838.3476621732489,1232.5575614459067
1848.3345024544215,1232.1509728964663
1857.9419178232915,1229.6303208658528
1865.6187434008634,1223.2895068352884
1871.5062400199258,1215.2264053045578
1876.3615240898507,1206.484220062591
1879.9649188789203,1197.1598294844107
1886.86618509877,1190.1506156530231
1896.3837272226856,1187.2627703186422
1906.3260238007438,1186.2127508431765
1916.3033853627965,1185.6489975174218
1926.2951924075046,1185.8723267856892
1936.251893573761,1186.8907897872925
1946.0718162676349,1188.7418895721878
1955.6486655611993,1191.5659390739797
1965.5463743538858,1191.732638276577
1975.0107567271589,1188.5538922277092
1984.5495186930239,1185.56602512864
1994.3651569768322,1183.6647243588277
#
1999.9915136976722,1419.9975626821674
1990.1722646471214,1418.2532424185965
1980.2419663410965,1419.0521362676182
1971.0931420337074,1422.9480146930778
1963.3659554711544,1429.276056324225
1954.9511868547947,1434.6553034012913
1945.4216762549522,1437.540067803897
1935.5408458579927,1439.0414979334473
1925.8098731460545,1441.3320164461416
1916.3695800624741,1444.651835112678
1907.5318680884143,1449.3001208242
1898.5534365312838,1453.6734226718909
1889.0820511009545,1456.875230213206
1879.2939335512192,1458.8901388739162
1869.3468656733517,1459.8439489223786
1859.4206406328735,1461.098557888526
1849.5732813457957,1462.8368619147923
1839.8588877949676,1465.2216290574195
1830.2798665153678,1468.0944000987947
1820.6710835330698,1470.858480768718
1811.0127127603073,1473.471540010598
1801.343807019686,1475.983241713248
1791.6318930303237,1478.4084062547468
1781.9110201380217,1480.7105760071272
1772.1604951121355,1482.88671964289
1762.363896713257,1484.9363689994811
1752.5507924852373,1486.8590378007889
1742.7058970892072,1488.671063253259
1732.8427144912332,1490.3237055884451
1722.9637342650535,1491.805177219147
1713.049016100811,1493.1193420951072
1703.1175777082087,1494.3584569344896
1693.1994598597566,1495.5458844611817
1683.254072711166,1496.580059704331
1673.2682157894656,1497.1909573977027
1663.281516313707,1496.738035871292
1653.388957849741,1495.378454746306
1643.4828043681086,1494.0881385897023
1633.9159429937117,1496.3212116882455
1627.6773486022948,1504.0065616149902
1621.9086988646677,1512.1063581191363
1613.2602181830407,1516.8962975392342
1603.8940603094634,1520.3583673657254
1595.1912056881981,1525.2749426169219
1586.9942597668826,1531.0041248367697
1579.0776247901495,1537.1013960373502
1571.5633059008974,1543.6964836301886
1564.2495249682183,1550.513072625911
1557.3005377992606,1557.7044451640397
1554.9380899091364,1567.036258100331
1558.6367515206339,1576.287065975666
1563.578790962884,1584.997180034766
1568.698869123822,1593.568447880214
1574.908331263885,1601.3774275644869
1583.605909340973,1606.1567030061688
1593.478963967539,1607.5589804053034
1603.4749121712125,1607.321826361663
1613.440013075522,1606.582175330368
1623.321687318258,1605.0693528191819
1633.1714694632785,1603.2977930700354
1642.9869909697325,1601.4234569532573
1652.8089707787726,1599.515607980635
1662.6042196347844,1597.5220592086202
1672.2975073498214,1595.0672722257052
1681.7701607528356,1591.881005014374
1690.875816025657,1587.7625336861488
1700.0579759391703,1583.8160646146134
1709.7688643818526,1581.464089886399
1719.7186107642592,1580.5311734346453
1729.7054383672476,1580.685742810309
1739.6914421534927,1580.1301645438452
1749.593818624137,1578.7392135175703
1759.4344301252365,1576.962693763256
1769.088906375823,1574.3899378364144
1778.3914761232809,1570.7343333928957
1787.1919216432796,1566.0071100981759
1795.8758894953132,1561.0480144354701
1804.7915605053915,1556.5103412362057
1813.8993692520135,1552.370556135364
1823.2624631838798,1548.8611201529502
1833.1257612701954,1547.5506316597832
1843.06610206604,1548.6804995155335
1853.0470888671873,1548.958475921631
1862.9741649625303,1547.8620242959187
1872.7144483776092,1545.6021712507606
1882.2358508639932,1542.5666225156785
1891.364306767867,1538.5068991994112
1900.7507097353935,1535.0665481948852
1910.5461510438108,1533.0769950429367
1920.503599436191,1532.2087611688319
1930.4945893899567,1531.9240686515666
1940.4737344744567,1532.502989975405
1950.4542169492738,1532.992654275573
1960.4561780305455,1532.8247612713965
1970.4291183710097,1532.1615289735794
1980.3643249067459,1532.8393287859428
1989.6671034369617,1536.413326654397
1997.8897232542279,1542.0837452063847
#
