415.0005857663812,5.007579446901567
415.22048351775857,15.000102730691435
414.3273943884149,24.940443185627462
412.2112826024144,34.72031232368201
409.4907806183826,44.31883205400314
408.18886897638095,54.22906758530764
408.39913486627677,64.23395477617905
406.62357551790774,73.97968044925481
401.5377755839378,82.54225150344521
394.3207230994012,89.43770161516498
385.41748673006896,93.83689167566597
375.48795702555776,94.75273343805969
365.6660381603241,96.42903572559356
357.24654112025536,101.5964040066963
350.3810833173245,108.86831706959754
343.2222990185827,115.8477688705289
335.88736804759594,122.65040789576713
328.6334543726965,129.52913296233862
323.9724891519453,138.1780406776983
325.4487390681952,147.98617441274226
325.9110780036077,157.94595097340644
324.12793172996487,167.76511205501856
324.756893157959,177.69697265625
328.2976772666111,187.00138569999487
335.7713213818679,193.21776814229042
345.2383111311821,190.86379058714957
354.53915024329444,187.52344830123337
362.21033348178867,193.07062600755694
367.5928298426718,201.39053982251136
376.9041654069424,204.23336709946392
386.8581328125,203.41774414062502
396.83694625476375,202.63627686522904
406.8012363352477,201.98158588707446
416.63927690699745,203.3107117854083
425.4693738062382,207.9276123126149
432.9812751098983,214.51389137592818
439.49710866478085,222.09216320774703
445.5450195000168,230.0659155167296
451.2920582503489,238.2356184881277
455.99173200263004,247.05063721389007
458.7850977975513,256.62908216311655
459.1386858698986,266.5942464383812
456.9618924973011,276.3428765153289
455.41410983005585,286.21863440461493
454.97592565646397,296.2000355987961
455.2921655254364,306.19961201488974
454.602224775821,316.10156289432757
447.9157666328745,323.2163054276379
438.62770051541827,326.85308182495
430.9777214410212,333.2024560878957
426.44100648935137,342.06625890844316
421.3393912734985,350.5991198997498
413.7704215793218,357.09495313340335
405.1825577812425,362.2054920884919
396.46927983979697,367.098810187052
387.6364346847127,371.7793238535818
378.4765801194906,375.8016683005691
368.95596670938016,378.8663230561448
359.19726314085256,381.0024284836231
349.7282621952072,383.9152146000043
347.1786600154834,393.0880023587383
349.2240539776543,402.87569619058445
351.6991235351562,412.5685876464844
355.72918939208984,421.646268951416
363.14507051452995,428.2676338551892
372.4189586055279,431.89422485526654
382.35210802175106,431.8342977925949
391.68466453175057,428.34491036219754
399.9552476615906,422.74719056701656
406.67143928716985,415.35385849215464
414.4112489479454,409.11697186029517
423.73845215131803,405.5486331277099
433.6245335448915,404.15263089664097
443.61466781827914,403.98305702832874
453.5940325591921,404.50431076308786
463.4627414953851,406.0889296030284
473.11522331957144,408.6973538583286
482.4798479747772,412.18858996868136
491.5739914584267,416.36481507219816
500.43410543894765,420.9692928370237
509.2064996954063,425.79310496067444
517.752356525096,430.95859865971914
526.0532373850272,436.56180307702715
534.0298856507069,442.5749956435969
541.6522862262433,449.04462305008775
549.0474504903696,455.79583690081176
556.1322488288449,462.8482415504724
562.5344257116362,470.5125618859734
567.9390240892263,478.92463573898834
572.1809596552681,487.9677009839435
575.1121265908771,497.51839336513245
578.4967000489477,506.92175264441045
582.7042561807239,516.0031045819031
587.5407884251326,524.756311323397
592.3098024517296,533.521832586825
594.5195229193782,543.2382200314598
595.1186446642948,553.2234063366876
595.8110218383578,563.1895965428431
596.6243226377032,573.1543337278954
597.6717471671402,583.1084573637919
599.5773911125139,592.920552915536
602.5043223798341,602.473139428829
607.0819973056659,611.3348094492939
613.9644605034189,618.5242754440262
621.587821078729,624.9513646086957
627.2863365178389,633.1338566740071
630.7717912031787,642.5027520537667
634.7814055837905,651.6557595777035
639.6103139470506,660.4041444352451
645.3385960775167,668.5870665624441
653.3021668839893,674.4356928342814
662.811869606197,677.4116975806355
662.6090707647802,686.2958705849052
659.024828933716,695.4850221366884
663.3716316328386,704.0637791935626
671.1137830951216,710.3910115112662
677.44652426639,718.0976936523522
680.7728321397352,727.4441096606834
682.4504662458676,737.2860826717467
685.7773920364382,746.7083970489502
690.9618319702151,755.2366829833984
696.6206570080603,763.4908778129862
702.2058074080145,771.7806463052282
707.7528878980223,780.1087081924928
713.2359229155549,788.466692539746
718.4408932035567,797.0093612040282
722.3630951614383,806.1987348403931
724.7610147904161,815.8805673526525
727.3867067724916,825.5061324733347
732.408372919693,834.1398797485242
739.4248114173295,841.2342392514023
746.5402696014263,848.24927565718
752.8038948659939,856.037204355957
758.214838141676,864.4399673463383
762.8810133006693,873.2821334196091
767.1926464813612,882.2991528748998
771.2629078704792,891.4330371052102
774.7794832226105,900.7988811182231
777.9286773567203,910.2991603584289
781.5618183663298,919.6055251507019
785.7600340825066,928.6839615375176
790.566424502552,937.4463372551203
795.9600405783283,945.8537150579245
801.594566533566,954.1150747270585
807.1030927248182,962.479166249657
812.333444146473,970.9972897168705
817.3038369257159,979.6726031611212
822.0481437766687,988.4652964537963
826.4897629840527,997.44048623544
830.7404923478368,1006.4930871720314
834.9383127170605,1015.55292191635
838.9799065804224,1024.701149424922
842.3584884338384,1034.105143249512
843.4729524063284,1044.0139461231522
841.8800542555977,1053.8610722890571
840.5655247218726,1063.7612662004992
841.6900515514466,1073.670306309849
845.4122629929784,1082.9270473983288
849.925169937152,1091.8451389096304
853.9923148491687,1100.9905672180143
857.3523607218866,1110.389513004303
860.0046609130773,1120.032995923181
861.9463402707603,1129.8471146106597
863.2120249944837,1139.7598844873382
863.8859599046721,1149.7458879523872
864.1255966812072,1159.7246340869888
864.1651573080858,1169.7301243851052
863.7192831571026,1179.728958951763
862.3846875000004,1189.63246875
860.0262085063414,1199.3400196440377
856.9926386174022,1208.8775013292357
853.235641879019,1218.1215181598038
847.9248850535157,1226.568506989956
840.5752128692434,1233.313256739134
831.5116475185233,1237.4325724089967
821.8140320007274,1239.7823747947189
813.2795837971389,1244.8702063927637
807.3889242402021,1252.8579157060535
803.2075811723387,1261.927896258203
797.7002722334632,1270.2604989030976
791.0254767033535,1277.6897214928865
783.3958693693778,1284.1544228065331
775.0686431270144,1289.6735893590767
766.2929392988608,1294.4878347738834
756.9703212228671,1298.0108717204334
747.35375836774,1300.7856115312577
737.9542287989515,1304.207732499242
728.7032561622935,1307.9971296721994
719.5682501757195,1312.0340729018787
710.5095864590413,1316.2930306355354
701.5493937338491,1320.7119112075309
692.6644177318927,1325.2970297207155
683.811608908532,1329.9473160707562
674.9287094393497,1334.5445287712164
666.0322071709002,1339.0999272887652
657.1183183135989,1343.6698988571168
649.5741291299615,1350.121860371856
644.0368742765638,1358.4326325249767
639.2344248857501,1367.1915115119668
631.1033309001664,1372.6995635039864
621.1904614619914,1372.3427188621313
611.1880760478975,1372.0178780565263
601.219519121601,1372.673170058931
591.3637921619418,1374.3712154684067
581.4009103845966,1374.574967491381
571.5745530286499,1372.7372196213678
561.9104129280535,1370.3210849134252
552.04791297475,1371.4746489336017
542.9092118672507,1375.5101902105584
534.153207362286,1380.3494423757038
525.597753807491,1385.5152120806574
517.3060193884227,1391.098978076458
509.2153621921393,1397.002864604473
500.57430642229343,1402.00575175339
491.3903113579484,1405.9455466478785
481.7722958689857,1408.6902621561808
472.359199757145,1412.0544542864345
463.28992188581714,1416.247810262969
454.5287001227492,1421.0653298222742
445.82211330021573,1425.954214354257
436.25059708925863,1428.8261001696449
426.37293688405333,1430.3009855059458
416.3860256485569,1430.7489364506823
406.39444811116834,1430.328426663337
396.488664360137,1429.0176536956892
386.7386352527741,1430.0795492330192
379.74926045137664,1437.0070996358986
374.3865563829544,1445.4396251216526
366.7920922212305,1451.838473768004
357.1874933719936,1454.40817993947
347.28937145387783,1455.757638683972
337.5232914233975,1457.927209900849
328.0653232186983,1461.1731632410306
319.2800283174341,1465.8999300228188
310.5875117107032,1470.848014970061
301.48356451174936,1474.9592448982585
292.09533121988204,1478.4140132722182
282.5314107679425,1481.3344623461678
272.9102473260353,1484.088913592358
263.52984875717414,1487.5053745142732
254.51834567544074,1491.833062292921
245.57382760992883,1496.3286700569458
236.6341046094627,1500.8091049410066
227.7412782758096,1505.3726222863406
220.18664503911907,1511.6107782032786
226.40862753295923,1518.564816192627
233.1081904720704,1525.859022349016
237.51032409158375,1534.8453064850942
241.73473617792158,1543.9106595749856
246.09376179526853,1552.9026796082017
251.330719517492,1561.4091349080427
259.3290987792018,1567.182825064659
268.22903620763964,1571.7175975316488
276.76339427925114,1576.9253400460084
285.0958710924389,1582.4650441783072
293.8623659807744,1587.2715432794168
303.1184608712981,1591.0121540774414
312.7350474009079,1593.7813153568086
322.50970648489175,1595.8614364357516
332.4472522650261,1596.9838759596337
342.4346958266732,1597.00978099672
352.36452245680533,1595.8454335257454
362.0597308851751,1593.4187063489449
371.1791140319111,1589.3517620227337
380.4179946275803,1585.6693586408198
390.34361380662665,1584.6079438363047
400.23478166476013,1585.9692041828475
410.1368221748764,1587.3712964282959
420.1316090908053,1587.6097317028045
430.1060424287569,1586.9446246303137
439.9734204247927,1585.418155901888
449.67634545612265,1582.988133596211
459.0045830431016,1579.421413100063
467.56979106801884,1574.2691496203515
476.75458644305326,1570.3870800278537
486.5837868742421,1568.6755113263564
496.5500453605655,1569.1722499809266
506.3799954946229,1570.988273864613
516.34262189486,1571.532921743842
526.0777859396695,1569.418908282035
535.2128931202892,1565.3462152581217
543.6980892517225,1560.0628474828816
551.6339262940588,1553.9874583416731
558.8280398683848,1547.0593060875387
566.1390615234377,1540.3303911132812
575.5514515025861,1537.211602080429
585.5569220955133,1537.168410897171
595.5450239991193,1537.2423268486427
605.5488544301272,1536.9083336265555
615.5285732337161,1536.3899347420167
625.4775449715139,1535.315694617795
634.5768020145482,1531.418202652367
641.5389763575981,1524.2964902986319
647.4387276420188,1516.2295483038902
655.060529802684,1509.8456550875076
664.2425424560312,1505.9512944618464
674.0528841638213,1504.0523979110476
684.0248246672454,1504.052489319578
693.8630811488631,1505.6850575870276
703.474627277002,1503.310701480582
711.4818670573628,1497.3288506741055
719.565447946326,1491.4799966087269
728.3315964303019,1486.6775103440284
737.4707413518263,1482.6187995825642
747.1875048010697,1480.404491258842
757.1234781675416,1481.0239429202527
766.6295755524797,1484.1387447169182
776.3013179599646,1486.6381399214267
786.173952430188,1488.177491739977
796.173931846726,1488.509206880363
806.0908871932232,1487.3626081179982
815.539611329079,1484.1671585714817
824.3779326084409,1479.5050316970237
833.1369273436258,1474.6825916600733
841.9136502158125,1469.8830326199384
850.701568721511,1465.1017143344134
859.5104851363146,1460.39657424693
868.4708544969753,1455.9493216277817
877.6023002628242,1451.8793410271542
886.8883509011804,1448.139952352546
896.2883191840132,1444.7297669317127
905.7945537909341,1441.6508119479563
915.40986404428,1438.9115163517063
925.0932696807406,1436.4223948330555
934.8118331739081,1434.0389450372204
944.605397202998,1432.0149364327444
954.5122113675993,1430.7433857329372
964.5057523360257,1430.2928415193558
974.465285107898,1429.535335722413
983.8142451582892,1426.1175229716655
991.5858143959349,1419.899783193752
997.8612977407691,1412.1234161324817
1003.5174687500004,1403.880828125
1008.5333293347468,1395.227981051755
1013.2387503477563,1386.3919482935146
1017.787383543313,1377.4982279242872
1025.2045493627572,1370.8818918889033
1034.3912781676793,1367.0569709925448
1044.3252210621972,1366.5929191623497
1053.6190590809458,1370.0707585767575
1060.9542799814944,1376.8139447985293
1066.477851944842,1385.1289253420423
1070.4355867768681,1394.284687266458
1073.0911294783527,1403.9234445427023
1075.5007583889444,1413.632291745901
1077.8697321637283,1423.3452880232064
1080.239281314711,1433.0597684520785
1082.6355259941615,1442.763955203659
1085.429736277156,1452.3706659734326
1088.5899744031965,1461.8530603164722
1091.4408971261387,1471.429040677607
1093.764631143801,1481.1610334316297
1095.2823111603564,1491.0301016319395
1092.7539175457707,1500.1264708186102
1082.992575656233,1499.63135531851
1075.0520843075287,1502.9339672577837
1077.066904769666,1512.6875182100694
1079.7606214030018,1522.3088009716646
1081.8420107594138,1532.0919379799964
1083.4452735187417,1541.9626529397372
1083.2700358670722,1551.9146604599237
1079.5828837982892,1561.15805642414
1073.4630617811063,1569.043320547604
1065.886964370607,1575.5484472819492
1057.325265449301,1580.7060464806186
1052.3672143664367,1589.0064127936366
1053.1146855468755,1598.9555683593753
1049.4830439983828,1608.1245901811667
1042.022708247148,1614.7247270046623
1036.1972004699712,1622.5576261596682
1038.6463123352532,1631.97924319613
1043.9644261112626,1640.398769684693
1040.3526266040808,1648.7663012309079
1032.5214511422519,1654.9015452505948
1027.1357780693795,1663.2856885909464
1024.6905790618384,1672.9150268530216
1027.2097439244842,1682.4247180216612
1031.6724189264687,1691.352244665999
1032.1779600825612,1701.2193263030874
1030.4089375859392,1711.05089255391
1028.453599048764,1720.8629593046237
1026.5197116777863,1730.6816126425074
1027.3167711083893,1740.3262553502923
1036.4833036029195,1743.4050102819433
1046.391900744815,1742.2428645608309
1055.719479336795,1738.6673672673642
1064.4623542418485,1733.8402216768268
1072.9320789276962,1728.5173042398694
1081.276872321233,1723.0085199006817
1090.4049497717244,1718.990068722833
1100.2308479368098,1717.2027242815498
1110.0345619199943,1715.2348262108358
1119.6723948718154,1712.5749391342065
1129.1569469450424,1709.4106943285342
1138.5364924642377,1705.9633485913428
1148.096725660913,1703.0729978205115
1157.3891618726407,1705.3613317021507
1162.567009237871,1713.7811043710933
1171.20031367538,1710.421976730817
1177.9898708707974,1703.0831737067524
1185.2950190444099,1696.2898042688848
1193.6132813261352,1690.7564707206898
1202.6909742365979,1686.5506738331726
1212.2896473487835,1683.7956372887231
1222.2149885505632,1682.745335456858
1232.1259022915833,1683.8622644751365
1241.514613765717,1687.2743545417788
1250.2940083941703,1692.0215954720193
1258.7980353772202,1697.2893172392726
1267.2219713038992,1702.6906782059614
1275.593865112335,1708.1502776943594
1283.7104935193925,1713.990927177636
1290.6709467275894,1721.1400445250922
1295.6765700969079,1729.763425630839
1299.086988178612,1739.1574247695942
1301.147299839431,1748.9274495645147
1302.1091978140907,1758.8865331330992
1302.1595844894057,1768.8850200117827
1301.4350616849742,1778.8474436835547
1300.016689478367,1788.7590010612178
1297.9502246322716,1798.5327484293298
1295.2173574906974,1808.1501617835445
1291.721353014876,1817.5126010668193
1287.1320439052624,1826.3954920988363
1281.7941054574255,1834.8220191813411
1283.085639300481,1844.011146958344
1291.1362862710957,1849.7599039874076
1290.647121664465,1859.4191491737365
1295.3181486000271,1867.8514682892933
1301.3900451461116,1875.7276978420894
1304.676219054785,1885.1443298920858
#
1388.6538089339915,1999.992281383699
1386.7984118778406,1990.1758973140736
1384.2737759659858,1980.5086769810737
1381.1169364358857,1971.014869490087
1377.2217401924133,1961.8152325134276
1371.7067448512018,1953.4778717993786
1364.8352620815936,1946.262315429683
1356.0652043300627,1941.571504452315
1346.167198445715,1940.5785973934605
1336.9002089777803,1938.185706187798
1334.2173839068514,1928.7368286936785
1327.1041187154055,1924.6891572400928
1318.2716946201272,1929.3684910152701
1310.5083029966129,1935.6300086261256
1301.4301464947011,1938.5350791513101
1292.2278832005838,1934.6746404817095
1282.4026870251296,1933.267938208103
1273.0692695813177,1936.1150814399718
1273.3916374528144,1945.4901816452516
1276.0216266716202,1955.096019064103
1274.8101059839723,1964.944358173668
1271.1098419047294,1974.1953939430637
1278.0932420005797,1979.658512496948
1287.1489792864393,1983.4991849195658
1292.1149331341908,1992.0250671961603
#
1218.4749147560995,1868.6485476687133
1220.3844701232908,1858.8461417541503
1220.2563176255226,1848.8794010567665
1218.2867536308245,1839.0878160731718
1211.2361585043668,1832.6658565587475
1201.4721141420605,1834.1220975066644
1192.7968175593776,1838.9501424271864
1185.4394155242067,1845.72799991827
1177.365083024636,1851.617129622847
1168.4886731256397,1856.1800260705052
1161.0607248471838,1862.6591510917574
1157.935500232639,1872.0531459453273
1152.5535286331178,1880.1611937141417
1143.1738765522673,1883.5211939500896
1133.7320178100535,1886.827323608633
1124.5341120964438,1890.735064957127
1116.4958509317712,1896.551326531112
1111.7870488544042,1905.3161360841018
1104.7220370402936,1912.0961782169338
1095.2327290835383,1915.2243878631589
1085.5996754822065,1917.9158044935589
1075.9224600689106,1920.4298357203684
1066.5113297772036,1923.6874153228896
1058.5190622305872,1929.6544112597253
1051.314662730992,1936.590291230058
1043.5318858975552,1942.8556496590024
1035.1735451828608,1948.3163316880136
1026.4523270768525,1953.2166002673505
1017.6356423103541,1957.9579762495716
1011.8831149240734,1963.4358342162368
1021.8770156942162,1963.3555231195837
1031.837210744858,1964.0797629909514
1040.5033547357325,1967.7183951687066
1033.9317671791318,1974.8296764881163
#
1104.1495431960548,1999.994511666397
1110.5083947925568,1992.3087222156523
1118.658976710446,1986.5971579597742
1128.0860480255558,1983.2609334239514
1137.7130184416174,1980.5608290748594
1147.3932970695494,1978.0793983154297
1153.8325720245466,1971.2156707769113
1154.6515360119417,1961.3505316329822
1163.857082113169,1960.2658854542672
1171.808623875372,1966.1236337055343
1174.777899282717,1975.5591106889126
1175.9832626566813,1985.4960795631416
1176.7535513581633,1995.4640553511454
1175.235579741776,1994.8135502926111
#
1198.3947292703801,1890.4797624562073
1193.0924258831842,1898.923849155645
1192.6020443189145,1908.5536790589094
1200.897951048445,1913.7161050114537
1209.453303050433,1918.7845214079023
1214.9938225381266,1927.0229910436506
1215.5537259407047,1936.7640365982054
1208.8416413168238,1944.1004991015047
1201.3615773830836,1950.7508939275367
1194.123760488987,1957.6204054985046
1192.0379586982133,1967.2278773467542
1195.8674083869637,1976.2142592227121
1205.2256008254294,1978.616693558395
1214.6264538491575,1975.355132683874
1222.9511201480036,1969.86596293354
1229.2518513997275,1962.1646448098422
1232.56203355095,1952.7659819191379
1234.9862709182962,1943.06572130207
1237.388109290399,1933.3549959858433
1241.688328746225,1924.4617804480902
1249.4758111646986,1918.268636183258
1258.4372885500718,1913.8560807101355
1268.1713190175224,1911.8471691688521
1277.5259000573114,1914.9128814014734
1285.8324060941723,1920.1648905038219
1293.7046541403088,1914.7067998102902
#
347.4862942497654,1900.947961794776
339.89665865534823,1907.3489749202179
336.8733887867778,1916.6758010582178
340.19776472656986,1925.9499110456836
348.095608183071,1931.8336932148409
357.97102901913223,1932.3689121377095
367.32733993722684,1928.9973224236646
374.57279541015623,1922.1503686523438
383.32313720820093,1917.4892526367166
393.2031926997379,1916.1299958706918
400.7074473727615,1909.9189796626233
402.5263799327118,1900.316195127729
396.9111721674045,1892.343999357393
387.5838695198297,1889.330907230258
377.75956402587883,1891.2039064331052
368.0827838209113,1893.7063645892058
358.53147260149285,1896.6818832532556
349.13966508068887,1900.0626909478158
#
732.3590599747089,1064.871273385513
723.5896751234085,1068.8646182935984
715.3510850871802,1074.5057200692893
706.8480402107239,1079.772475429535
701.0232588358466,1087.4730915173134
702.4494128529877,1097.0625818373335
711.49980915323,1096.2210845626068
720.7586450664394,1092.548472143353
730.6902011716711,1091.8479633956997
740.2036569074171,1094.6203599356413
744.4974964181857,1103.1391114097682
747.0569235839845,1109.547967956543
753.5343162710071,1102.0621690701691
754.6762148925012,1092.4394861182484
747.3090910383371,1085.9118236920096
740.1075810575486,1079.0740590252874
735.753255247116,1070.1156996880768
#
650.3335311995133,1150.4003928117006
660.2312438812423,1151.7019621148986
666.0103420341611,1158.2923239061834
660.1531191406249,1166.2288515625003
651.5356485571442,1171.2277443919147
641.7052388314941,1172.1929831712705
632.0789011724888,1169.5181881220567
622.257541596163,1167.735218690117
612.3217794618009,1168.4938525106313
602.9720164199693,1172.0358631142308
593.4358348280788,1175.0254905843142
583.7745110109066,1177.5647412224591
573.9680740194356,1179.5467281207589
564.0042040007337,1179.959667842977
555.3356688710861,1175.279648884143
547.3927988723628,1169.344490103978
537.6026964052394,1167.749946102247
527.7699460955514,1169.4682252213754
518.3490615277453,1172.7756837287834
509.5961302356721,1177.6019331188206
501.2238261314766,1183.0415318421421
492.325051150635,1187.6149473371806
482.97383068847665,1191.1525115661625
473.29995123655397,1193.6577680291025
463.39419923713433,1195.0080594521773
466.40228001083443,1192.9832744520756
476.0134577207566,1190.245758191109
485.5438139192735,1187.1987950136167
494.93471319206833,1183.7461481649132
504.1025070970174,1179.7788507196299
512.9454073069674,1175.1133901947846
521.1968136519772,1169.470831056597
528.2395809575205,1162.4087634843027
532.6055630956292,1153.4958383453493
535.4922056588056,1143.9472563268853
541.5988127660752,1136.1497613954546
550.7771213541031,1132.3636794538502
559.5314871010183,1127.6423675033454
566.3774799897606,1120.392090386731
574.3336104125976,1117.6541221313482
579.2497036656204,1126.3359906217413
585.3081454484574,1134.2632483697819
593.283942994833,1140.2397302631143
602.2216099545205,1144.7031990597093
611.3098524754773,1148.8753159587854
620.765695066968,1152.1154584120127
630.6793999174068,1152.9707569783716
640.4911271281708,1151.1103926934964
#
323.05022387658715,427.77335041927455
313.46094173812867,428.3059544334411
304.00779028177254,431.55464340543745
295.01698565374784,435.89060550956333
299.42104815673827,441.1253540687561
309.32054447221753,440.3628606467247
318.0250829481835,435.58400982758644
#
